100 193
0 0 0
1 0 450
2 0 900
3 0 1350
4 0 1800
5 0 2250
6 0 2700
7 0 3150
8 0 3600
9 0 4050
10 1000 0
11 1000 450
12 1000 900
13 1000 1350
14 1000 1800
15 1000 2250
16 1000 2700
17 1000 3150
18 1000 3600
19 1000 4050
20 2000 0
21 2000 450
22 2000 900
23 2000 1350
24 2000 1800
25 2000 2250
26 2000 2700
27 2000 3150
28 2000 3600
29 2000 4050
30 3000 0
31 3000 450
32 3000 900
33 3000 1350
34 3000 1800
35 3000 2250
36 3000 2700
37 3000 3150
38 3000 3600
39 3000 4050
40 4000 0
41 4000 450
42 4000 900
43 4000 1350
44 4000 1800
45 4000 2250
46 4000 2700
47 4000 3150
48 4000 3600
49 4000 4050
50 5000 0
51 5000 450
52 5000 900
53 5000 1350
54 5000 1800
55 5000 2250
56 5000 2700
57 5000 3150
58 5000 3600
59 5000 4050
60 6000 0
61 6000 450
62 6000 900
63 6000 1350
64 6000 1800
65 6000 2250
66 6000 2700
67 6000 3150
68 6000 3600
69 6000 4050
70 7000 0
71 7000 450
72 7000 900
73 7000 1350
74 7000 1800
75 7000 2250
76 7000 2700
77 7000 3150
78 7000 3600
79 7000 4050
80 8000 0
81 8000 450
82 8000 900
83 8000 1350
84 8000 1800
85 8000 2250
86 8000 2700
87 8000 3150
88 8000 3600
89 8000 4050
90 9000 0
91 9000 450
92 9000 900
93 9000 1350
94 9000 1800
95 9000 2250
96 9000 2700
97 9000 3150
98 9000 3600
99 9000 4050
0 1
0 10
1 2
1 11
1 12
2 3
2 12
3 4
3 13
4 5
4 14
5 6
5 15
5 16
6 7
6 16
7 8
7 17
8 9
8 18
9 19
10 11
10 20
10 21
11 12
11 21
11 22
12 13
12 22
13 14
13 23
14 15
14 24
15 16
15 25
16 17
16 26
17 18
17 27
18 19
18 28
19 29
20 21
20 30
21 22
21 31
22 23
22 32
23 24
23 33
23 34
24 25
24 34
25 26
25 35
26 27
26 36
27 28
27 37
28 29
28 38
29 39
30 31
30 40
31 32
31 41
32 33
32 42
33 34
33 43
34 35
34 44
35 36
35 45
36 37
36 46
37 38
37 47
38 39
38 48
39 49
40 41
40 50
41 42
41 51
42 43
42 52
43 44
43 53
44 45
44 54
45 46
45 55
46 47
46 56
47 48
47 57
47 58
48 49
48 58
49 59
50 51
50 60
51 52
51 61
52 53
52 62
53 54
53 63
54 55
54 64
55 56
55 65
56 57
56 66
56 67
57 58
57 67
58 59
58 68
59 69
60 61
60 70
61 62
61 71
62 63
62 72
62 73
63 64
63 73
64 65
64 74
65 66
65 75
65 76
66 67
66 76
67 68
67 77
68 69
68 78
69 79
70 71
70 80
70 81
71 72
71 81
72 73
72 82
73 74
73 83
74 75
74 84
75 76
75 85
76 77
76 86
77 78
77 87
78 79
78 88
79 89
80 81
80 90
81 82
81 91
82 83
82 92
82 93
83 84
83 93
83 94
84 85
84 94
85 86
85 95
86 87
86 96
86 97
87 88
87 97
88 89
88 98
89 99
90 91
91 92
92 93
93 94
94 95
95 96
96 97
97 98
98 99

11 88
