 29674  29732
  1187   1213
 38622  38696
 31911  31929
 82867  82870
 61429  61487
 71738  71781
 33339  33402
 85895  85932
 24264  24292
 76873  76895
 11517  11574
 36277  36347
 44384  44460
 85829  85829
 81563  81618
 47210  47285
 40065  40074
 86532  86629
   321    409
 22791  22795
  3911   3991
 86837  86908
 20896  20975
 42823  42847
 56011  56066
 54936  54999
 31832  31850
 10601  10604
 63775  63776
 11052  11095
 39081  39140
 19258  19355
 67339  67434
 85206  85303
  2985   3075
 70879  70970
 60883  60883
 73471  73551
 46361  46370
 11169  11241
 53692  53744
 52335  52370
 29283  29332
 65064  65069
 64053  64055
 30086  30134
  8977   8982
 59866  59946
 18513  18532
 11596  11608
  8609   8620
 53104  53194
 39937  39981
 28011  28084
 37491  37535
 44514  44591
 76934  76996
  6911   6928
 20461  20541
 41127  41168
 71851  71949
 12589  12669
 71840  71848
 67756  67810
 17840  17875
 57305  57395
 15408  15418
 62305  62390
 45186  45265
 17694  17770
 76053  76069
 31582  31640
 29002  29096
 23271  23276
 24181  24185
 39255  39257
 68231  68295
 20451  20540
 53034  53046
 53991  54021
 48492  48557
 34951  35004
 50607  50674
 22125  22185
 67925  67991
 65967  66057
 44760  44788
 80213  80250
 83657  83682
 38605  38634
 26603  26666
 81053  81059
 30653  30657
 16723  16752
 37441  37462
 23245  23269
 54097  54190
 62266  62308
 40549  40633
 35135  35226
 21569  21589
 66212  66216
 14543  14596
 84677  84752
 67981  68024
 72862  72901
 44250  44295
 17045  17069
 57517  57530
  5989   5989
 55828  55829
 81926  82003
 72547  72613
 18579  18671
 28787  28803
 10814  10889
 18864  18921
 21598  21696
 78536  78593
   906    912
 49039  49061
 29539  29628
 69688  69731
 24549  24611
 19571  19572
  2369   2430
 71138  71235
 74513  74529
 23204  23228
 29620  29661
 27231  27274
 29984  29993
 13521  13550
 77639  77737
 53127  53177
 69436  69490
 60184  60269
 16700  16760
 40519  40528
 58681  58684
 40608  40611
 50224  50236
  3366   3461
 40896  40910
 44484  44536
 77821  77834
 24079  24139
 81864  81880
 28194  28197
 72423  72517
 50711  50745
  6715   6718
 58252  58296
 32664  32710
   700    784
 40786  40791
 41507  41591
 43192  43230
 19111  19127
 76393  76468
 65678  65743
 31118  31183
 72509  72603
 72914  72933
 87252  87256
 69303  69330
 38206  38282
 33371  33434
 57624  57638
 66870  66942
 12793  12880
 18967  18982
 46708  46763
 17915  17990
 36489  36586
 33392  33401
  9762   9813
 19152  19166
 41251  41290
 67452  67538
 52844  52931
 61669  61672
 34559  34640
 75942  76019
 32147  32166
 57191  57220
 83858  83909
 59049  59108
 33135  33188
 48201  48252
 17385  17473
 82127  82142
 69205  69295
 41963  42039
 19355  19362
 75165  75228
 72878  72977
 26474  26565
  8590   8632
 87032  87101
 47243  47269
 83513  83599
  3727   3778
 29260  29316
 60212  60311
 75615  75683
 67154  67210
 85886  85901
  1292   1334
 74882  74939
 70986  70992
 34765  34837
 82899  82944
 12014  12052
 73640  73733
 68134  68152
 76815  76837
 38933  38987
 68683  68759
 71154  71243
 71428  71449
  7156   7232
 25761  25812
 60090  60183
 79211  79278
  9468   9518
 20045  20121
 58587  58662
 16341  16409
 82564  82653
  7053   7081
 29540  29592
 70866  70933
  3936   3976
 53791  53879
 33011  33025
 25840  25863
 41873  41886
 16324  16367
 65270  65276
 82139  82190
 49094  49111
 74428  74441
 59422  59444
  6415   6456
 73400  73473
 47581  47606
 49389  49436
 52389  52413
  4818   4912
 51010  51022
 27704  27757
 47644  47678
 10769  10787
 64926  64974
 44179  44240
 17194  17253
 81150  81168
 13772  13822
 22075  22163
 63245  63332
 68038  68070
 30428  30478
 55674  55760
 28129  28147
 31544  31635
  7725   7767
  7160   7207
 74359  74449
 55049  55099
 24429  24464
 10221  10249
 11804  11806
 77308  77349
 39029  39114
 14231  14306
 67090  67093
 58208  58247
  1624   1662
 32665  32682
 36494  36498
 24345  24425
 78341  78387
 25712  25803
 16851  16870
  7177   7258
 75831  75853
 70259  70312
 20144  20171
 25480  25482
 19279  19353
 69496  69534
 51448  51472
 26765  26786
 54831  54860
 32506  32534
 31866  31949
 41790  41823
 27996  28035
 63857  63882
 47101  47125
 10065  10146
  3645   3692
 63450  63538
 69023  69101
  2979   2982
 61777  61857
 30928  31002
 30817  30827
 59393  59420
 21597  21667
   944    964
 40399  40420
 40037  40093
 52011  52076
 50899  50903
 43520  43594
 78322  78374
 66240  66334
 65194  65217
 45013  45066
 84254  84337
 84233  84308
 82945  82995
 77283  77368
 11939  11957
 29851  29895
  6527   6571
 30760  30805
 62306  62354
 64512  64535
 75938  75976
  5209   5288
 70515  70549
 20620  20637
 52841  52883
  5547   5599
 86440  86477
 68618  68678
 25296  25344
 34331  34420
 65234  65317
  2201   2265
 12921  12995
 20382  20398
 43364  43378
 26195  26238
  4484   4558
  1278   1372
 26393  26402
 70527  70610
 26221  26311
 80255  80295
 32864  32894
 67671  67682
 55143  55184
 55014  55110
 74727  74808
 80901  80973
 20039  20127
 78452  78462
 61443  61532
 27884  27919
 70944  71030
 49397  49436
 49909  49935
 67567  67570
 13182  13232
 33596  33619
 58162  58255
 54185  54221
 74617  74668
 78496  78530
 20692  20726
 13107  13107
 59143  59217
 67205  67231
 31033  31118
 10421  10505
 38482  38569
 52306  52351
 26636  26681
 30473  30513
 74837  74876
 23517  23537
 10875  10930
 25403  25475
 45970  45995
 16226  16268
 74719  74804
  4828   4906
 46585  46607
 24896  24960
 81244  81313
 70836  70848
 56322  56415
 73435  73484
 21480  21518
 39442  39535
 82492  82585
 55095  55143
 51418  51437
 58699  58775
 44170  44197
 17067  17118
 76385  76394
 22454  22470
 33406  33490
 49427  49506
 37834  37869
 76493  76585
 82732  82828
 26772  26844
  3741   3774
 65741  65785
 32751  32802
 83687  83713
 85704  85796
 45448  45455
 26633  26651
 65823  65881
 77593  77599
 67760  67843
 49023  49099
 69737  69818
 72090  72169
  9786   9799
 60499  60537
 52959  53039
 38849  38885
 25105  25189
 62032  62079
 10388  10452
  8702   8761
 83077  83106
 49394  49466
 38783  38799
 59198  59232
 59708  59799
 71530  71535
 24903  24922
 85608  85694
 35942  35955
 71648  71702
  3362   3362
 77957  77987
 87192  87289
  6137   6220
  2724   2787
  9526   9592
 83207  83256
 72884  72983
 31063  31106
 12096  12191
 38214  38300
 74413  74456
 78805  78834
 23378  23429
 53542  53547
 67139  67171
 82322  82404
  2584   2672
 47901  47999
 41814  41891
 51023  51080
 76069  76098
 15449  15522
 37289  37377
 21894  21968
 29702  29756
 81286  81380
 58348  58377
 27192  27208
 80690  80781
 82770  82853
 61642  61657
 24552  24630
 81519  81554
 23995  24088
 67968  67986
 35201  35292
 80049  80106
 41348  41413
 26613  26641
 85520  85570
 35758  35782
 81853  81932
 25493  25505
 81759  81767
 50303  50339
 78777  78871
 37033  37064
 54569  54575
 43091  43190
 39132  39205
 27672  27703
 49071  49149
 54669  54678
 56737  56762
 75480  75505
 40820  40890
 11155  11166
 18474  18551
  7019   7054
 63454  63459
 81630  81652
 20071  20088
 46973  47010
 24011  24021
  3013   3085
 44336  44386
  1550   1580
  4717   4757
 48405  48425
 68949  68971
 15428  15484
 35199  35258
 59059  59071
 82975  83001
 48769  48851
 54457  54496
 70637  70660
 67538  67570
 39718  39774
 86428  86486
 45429  45446
 41224  41238
 77445  77524
  6461   6495
 76409  76440
 26195  26229
 20726  20803
 44312  44366
 13720  13741
 25325  25329
  5081   5096
 11255  11332
 19136  19141
 77964  78010
  2690   2695
 25350  25437
 55723  55812
 40998  41031
 59152  59188
 69359  69447
 16415  16502
 46461  46490
 44974  45018
 37528  37563
 53561  53627
 68880  68977
 62809  62860
  1464   1554
 81263  81290
 24416  24511
 28996  29045
 71859  71887
 26826  26907
 55954  56024
 39243  39277
 74087  74094
 15860  15942
 73709  73786
 28887  28926
 14808  14893
 51942  52008
 52910  52930
 28036  28124
 55717  55746
 50888  50901
 12757  12770
 79802  79835
 38969  38987
 27054  27102
 84192  84220
 37410  37493
  4411   4418
  6601   6675
 85233  85318
 87003  87035
 41554  41554
 78362  78392
 53132  53222
 64842  64930
 19089  19107
 16945  16980
 48219  48241
 32770  32773
 39297  39388
 43282  43336
 31520  31560
 46277  46372
 41177  41183
 12369  12429
 67679  67762
  6852   6873
 63392  63396
 25428  25488
 52180  52260
 40758  40812
 45224  45225
 10394  10440
 57378  57441
 76254  76300
 67401  67438
 64519  64529
 39623  39679
 44049  44066
 35158  35181
 63851  63938
 50638  50728
 13519  13561
 54456  54516
 60844  60865
 71455  71547
 64732  64756
 60505  60530
 20014  20109
 66338  66345
 36903  36979
 40216  40281
 85362  85445
 44240  44254
  8945   9015
 63801  63886
 67618  67688
 17138  17219
 12327  12385
  3128   3141
 80649  80686
 25699  25789
 66960  67023
  8597   8685
 69993  70032
 26567  26630
  6146   6194
 29616  29686
 30984  31066
  6026   6089
 60227  60314
 48074  48164
 41668  41722
  8906   8933
 52105  52190
  5516   5551
 33035  33113
  9210   9283
 27267  27313
 73032  73088
 12919  13002
 16228  16326
 77365  77455
  4458   4478
 44003  44052
 85555  85634
 52642  52664
 49943  49959
  4166   4187
 14300  14314
 79767  79842
 35530  35537
 47278  47345
 12692  12697
 82477  82562
 31755  31779
 71607  71613
 80586  80635
 21260  21320
 35413  35444
 37069  37077
 10546  10566
 59755  59799
 60767  60783
 74511  74597
 41802  41828
 24121  24180
 61547  61643
 61639  61685
 84247  84313
 86022  86104
 39305  39403
 63029  63053
 66122  66201
 14580  14603
 21160  21192
 13541  13588
 23925  23947
 78858  78927
 32720  32811
 16935  16936
 72795  72887
 74338  74425
 24673  24682
 21158  21166
 28424  28426
 22559  22596
 35835  35903
 82669  82765
 19287  19326
 56217  56286
  2809   2827
 19871  19887
 24620  24688
 83494  83503
 29592  29603
  1684   1706
 11167  11197
 39048  39139
 71958  72022
 62402  62403
 11305  11312
 39305  39306
  6525   6600
 80983  81032
 20866  20895
 13415  13476
 85584  85620
 43935  43981
 66957  67054
  8536   8630
 37505  37512
 27954  27977
 36336  36339
 62532  62560
 35286  35378
  2866   2939
 24998  25071
 84843  84913
  3180   3274
 46752  46771
 78787  78882
 32536  32627
 12777  12804
 14505  14547
 50227  50319
 83745  83745
 50186  50242
 30881  30901
  6743   6780
 19945  19983
 25633  25676
 30418  30495
 68890  68938
 77946  78034
 57291  57300
 30499  30536
 41444  41537
 79981  80067
 80460  80482
  9318   9385
 24665  24731
 30710  30712
 12042  12066
 15919  15974
 68549  68604
 67163  67241
 60097  60126
 82902  82943
 63422  63450
 79112  79144
  1835   1878
 33648  33720
 27558  27603
 87045  87089
 58411  58411
 77243  77320
 32232  32232
 44816  44903
 75271  75275
 63532  63542
 65709  65746
 80258  80323
 25808  25819
 12041  12075
 30215  30256
 82289  82327
  8669   8740
 77448  77457
 87548     20
 86776  86787
 58219  58303
 67831  67872
 16625  16682
 54888  54921
 53736  53761
 46532  46604
 76943  76957
 71443  71456
 36611  36637
 54082  54098
 81034  81114
 18034  18094
 78745  78776
 53112  53141
 60252  60331
 22039  22122
 59886  59891
 45295  45385
 68492  68563
 74933  74947
 27073  27144
 53357  53393
 72848  72941
 39287  39333
  9206   9242
 79080  79167
 11037  11087
 37356  37395
 32639  32664
 82962  83030
 46482  46509
 33182  33270
 67714  67724
 47235  47323
 16515  16612
 44499  44552
 11916  11973
 49309  49328
 32183  32271
 75305  75396
  7141   7234
 33532  33539
 86386  86421
 61075  61084
 42570  42601
 10061  10066
 50358  50405
 69731  69741
 86768  86809
 69484  69534
 28967  29006
 26500  26553
 72995  73005
 44969  45040
  4991   5059
 55822  55879
 86663  86749
 55643  55686
  4224   4258
 34881  34948
 79742  79761
 45611  45679
   717    753
 66793  66870
 52863  52955
 59474  59529
 78497  78549
 86115  86175
 43831  43919
 26064  26110
 52202  52230
 81228  81261
 40434  40522
 21471  21553
  1643   1699
 47225  47234
 81910  81916
 86615  86641
 78579  78656
 21775  21865
 12473  12500
 39655  39714
 61081  61175
 24333  24368
 84145  84166
 82158  82220
 35073  35167
 72628  72651
 53176  53261
 78328  78371
 33153  33175
 36810  36894
 61322  61341
  6916   7000
 67988  67990
 85425  85459
 55010  55084
 64190  64248
 69452  69514
 23065  23156
 39317  39375
 55657  55686
 74600  74686
 68243  68275
 76005  76102
 66634  66643
 25179  25268
 61887  61982
 39709  39713
 85456  85525
 86858  86919
 64503  64576
 63575  63603
 13151  13250
 60536  60584
 50503  50526
 13655  13674
 52029  52049
 78145  78212
 10224  10313
 31283  31380
 77424  77455
 85348  85442
 79952  79963
 74029  74088
  7713   7737
 66993  66998
 42004  42073
  5637   5678
 66881  66957
 23770  23799
 51897  51913
 14110  14161
 85258  85285
 16389  16416
 48467  48553
 54849  54897
 69323  69402
  7550   7607
 40316  40347
 72311  72362
 41170  41172
 85494  85496
 45716  45794
 13514  13515
 30537  30566
  8643   8655
 63224  63229
 30094  30193
 70551  70649
 50332  50382
 33970  33995
  7324   7334
  5967   6066
 24133  24140
 31111  31119
 32665  32685
  2521   2573
 55684  55742
 30052  30080
 21141  21157
 87334  87405
 27170  27220
 42078  42168
 70545  70584
 72059  72072
 27399  27411
 34513  34557
 11526  11613
 65069  65097
 50008  50009
 60458  60508
 43989  44040
 75854  75940
 75879  75937
 26202  26222
 61762  61843
 63400  63422
 27412  27497
 70164  70205
 39606  39698
 59426  59469
 41313  41394
  7982   8018
 68163  68218
   224    320
 16768  16839
 80311  80343
 72929  72936
  7737   7822
 64394  64431
 34765  34831
 39719  39796
 75547  75577
 15523  15586
 46415  46428
 85586  85613
 32099  32105
 16465  16514
 40457  40529
 24482  24518
   120    191
 28431  28499
 83339  83358
 64664  64664
 29743  29790
  7089   7118
 42975  43009
 79613  79667
 58375  58464
   861    954
 56010  56028
 77148  77228
 60250  60295
 57665  57698
  4073   4139
 23094  23182
 72221  72268
  4771   4809
 34597  34641
 34089  34148
 81750  81801
 28769  28863
 45486  45510
 67073  67109
 61747  61797
 75822  75833
 51091  51184
 15043  15047
 14026  14123
 32981  33076
 71835  71894
 65937  65948
 42357  42391
 65021  65096
 70064  70104
 82001  82044
 18164  18220
 25710  25794
 74471  74563
 66681  66757
 35982  36036
 84896  84908
  8815   8821
 13545  13605
 40077  40161
 23721  23792
 16219  16272
 85066  85113
 72749  72757
 74906  74918
 76600  76678
 38025  38100
 10651  10735
 83203  83220
 57456  57551
 36009  36032
 51943  51980
  9083   9140
 70305  70308
  1474   1515
 44069  44120
 47885  47952
 11967  11968
 51621  51671
 68273  68340
  1018   1042
  9435   9534
 29005  29022
 52437  52458
 51806  51822
 41992  42023
 11109  11190
 23658  23686
 54384  54412
 65872  65874
 48881  48964
 74557  74613
 12320  12376
 53209  53269
 85275  85332
 55475  55522
 74917  74951
 49534  49597
 69183  69231
 69556  69635
 20306  20355
 62630  62662
 49741  49774
 23341  23396
 39930  39971
  6449   6491
 36687  36782
 64320  64389
 18967  19061
 86746  86804
  4826   4826
 60480  60549
 30444  30450
 36808  36819
 48872  48945
 54376  54448
 45231  45305
 30008  30073
 10151  10171
 62092  62173
 78428  78518
 69973  70002
 70754  70820
 47752  47832
 36951  37008
 38127  38153
 17135  17173
 73399  73421
 87502     10
 10811  10841
 81765  81803
 30591  30651
 79351  79420
 13546  13640
 14434  14521
 29906  30001
 78986  79046
 63422  63520
 66936  66995
  2747   2810
 50074  50140
 63272  63366
 52859  52866
 57833  57854
 12336  12422
 47911  47981
 29560  29627
 59481  59564
 10020  10097
 10032  10062
  5211   5213
 39355  39362
 55153  55211
 20840  20880
 14518  14586
 72983  73081
 39328  39415
 23471  23559
 82486  82525
 86326  86327
 20509  20524
 40706  40800
  3189   3238
  1433   1509
   536    626
 21734  21750
 42927  42969
 37730  37819
 71215  71260
 81111  81149
 25753  25767
 59876  59916
 55152  55201
 50215  50246
 71628  71676
 45959  46025
 19542  19555
 73775  73775
 67045  67079
 77776  77873
 13475  13550
 60666  60687
 79272  79362
 80023  80032
 53265  53361
 86973  87010
 36728  36743
 85607  85629
  9563   9660
 82035  82104
 72069  72123
 55654  55694
 12517  12558
 14235  14235
 64194  64212
  4986   4994
 67841  67851
 10776  10787
 67166  67253
 21404  21492
 40441  40452
 56851  56905
 27333  27428
  1875   1964
 64224  64250
 48137  48187
 19010  19088
 12153  12154
 31955  32054
 12907  13000
 12761  12791
  9958  10057
 84498  84593
 11520  11588
 54082  54171
 59319  59351
 34645  34698
 75806  75896
 51379  51379
 65524  65612
 56246  56275
 36376  36439
 80637  80647
 21868  21917
 45902  45990
 21459  21556
 61129  61209
 22981  22983
 34577  34598
 49058  49058
 35204  35249
 35776  35820
  8460   8543
 20240  20339
 68765  68790
 71375  71474
  2745   2775
 27932  27955
 20897  20956
 54446  54545
  2742   2816
 14955  15013
 54826  54911
 13263  13352
 11226  11325
 72174  72223
 18032  18055
 43541  43577
 77319  77416
 73748  73813
  4092   4186
 26366  26415
 58744  58791
 47097  47117
 69260  69324
 29613  29646
  5926   5962
 52055  52067
 22785  22828
 34873  34939
 21776  21779
 35168  35267
 48440  48538
 61340  61370
 61615  61660
 49560  49580
 27661  27713
 23598  23635
 56694  56777
 72425  72437
 73244  73311
 30066  30082
 72239  72315
 29228  29311
 62249  62258
 44866  44877
 86737  86767
 19213  19305
 27892  27957
 35635  35723
 58234  58268
  3223   3274
  4709   4795
 54091  54146
 78348  78352
 12385  12428
 68002  68047
 73049  73065
 52423  52506
 24216  24237
 62773  62812
  2723   2745
 69845  69870
 29759  29795
   429    488
 31498  31571
 22785  22824
 37932  37983
 11923  11993
 77039  77110
 82815  82817
 32063  32153
 65923  65927
 69258  69347
 67277  67301
 29019  29070
 22979  23030
   830    841
 53872  53884
 54783  54834
 49785  49810
   746    796
  5324   5416
  1066   1165
 50747  50769
   285    320
 13408  13408
 17598  17695
 10399  10411
 26642  26691
 73354  73391
 44911  45008
 67886  67933
 37351  37443
 41064  41143
 18973  18997
 83106  83153
   842    859
 51282  51328
 20938  20945
 42754  42755
 55115  55213
 86300  86321
 56199  56260
 54857  54890
 58587  58668
 29071  29076
 17114  17143
 80281  80294
 34010  34021
 22280  22327
 85356  85434
 48539  48585
 47798  47819
 24970  24972
 10814  10822
 51472  51521
  3174   3273
 33257  33294
 69607  69632
 32917  32948
 44045  44050
  5664   5734
 42903  42912
 65443  65504
 69078  69100
 59965  59969
 26077  26153
 20292  20354
 23860  23869
 76686  76738
 72243  72243
 21293  21372
 62216  62266
 78449  78512
 85158  85176
 25867  25875
 67572  67585
 81994  82082
 65206  65287
 69790  69806
 34056  34115
 19004  19058
 65928  66012
 83120  83219
 44332  44351
 50836  50908
  2513   2520
 38224  38304
 17077  17171
 62648  62692
 64156  64183
 48346  48349
 16070  16144
 58132  58154
 75805  75885
 41225  41271
 55211  55268
 72486  72518
 11858  11927
 60142  60184
 36005  36031
 74364  74439
 25453  25460
 85322  85360
 63602  63606
 37956  38021
 74691  74760
 12164  12208
 54531  54613
 66272  66329
 48571  48614
 46822  46919
 56642  56727
 34098  34174
 50467  50490
 45842  45846
 60489  60564
 12109  12139
 76967  76997
 85423  85455
 72178  72271
 16453  16551
 14399  14399
 28194  28203
 21563  21641
 15257  15282
 60548  60573
  8324   8328
 60008  60015
 46992  47004
  7007   7076
 45635  45675
 85712  85725
 84407  84468
 39592  39664
  3630   3633
 17388  17421
 50408  50426
 37846  37851
 24488  24549
 49802  49882
 28176  28242
 68480  68485
 72916  73007
 64213  64218
 55686  55691
 69397  69402
   675    723
 55586  55612
 45889  45937
 16702  16793
 25536  25548
 65488  65502
 45677  45680
 43243  43271
  3446   3451
 19090  19162
 46717  46761
 81548  81630
  4151   4204
 62823  62915
 66493  66507
 19857  19900
 33171  33172
 20531  20612
  3204   3292
 78782  78784
 70485  70501
 62308  62344
  4458   4466
 52080  52083
 48919  48934
 43406  43455
  3951   4021
 50001  50002
 19129  19187
  5759   5845
 65645  65744
 40203  40211
 65142  65154
  9537   9538
 41240  41296
 16320  16371
 68304  68307
 47803  47875
 34426  34524
 11357  11368
 34603  34629
 25524  25558
 31312  31392
 72899  72969
 18585  18627
 57823  57885
 31016  31056
 12356  12390
 13018  13081
 42979  43033
 25732  25830
 54509  54514
 71585  71602
 82477  82499
 55004  55038
 14713  14810
  2832   2839
  6660   6715
 61922  61962
 75818  75856
  9153   9210
 57833  57900
 29883  29904
 52615  52703
 72883  72905
 65340  65384
 84351  84400
   658    719
 14523  14526
 63665  63734
 50485  50540
 62860  62897
 18008  18071
  8553   8624
 17404  17445
 37814  37857
 14528  14572
  4890   4926
  5276   5350
 63238  63252
 31140  31178
 63373  63373
   397    486
  2834   2860
 56159  56257
  5477   5533
 46338  46339
  4035   4055
  5974   6044
 68409  68482
 39159  39196
 85956  85957
 70699  70787
 56772  56815
 12253  12285
 57738  57760
 46273  46301
 12340  12416
 34190  34251
 68236  68322
 59232  59293
 67893  67921
 47466  47495
 58440  58452
 20275  20362
 18497  18550
 66004  66051
 70033  70087
 72643  72721
 81721  81773
 35532  35612
 17778  17831
 73564  73601
 43435  43498
 21646  21678
 44715  44760
 43316  43362
 83724  83739
  8861   8893
 10071  10094
 31425  31464
 65791  65857
   907    965
 11973  12066
 73394  73419
 57031  57093
  1806   1879
 21417  21505
 80962  81002
 12997  12999
 12642  12684
 19599  19631
 32136  32226
 12832  12928
 46296  46322
 31403  31481
 43291  43304
 13148  13195
 29115  29169
 12354  12437
 73024  73056
 67903  67961
 68465  68482
 50107  50127
 60383  60450
 47328  47340
 42410  42509
 56100  56125
 65235  65316
  8188   8197
 11051  11144
 56661  56723
 78500  78535
 83788  83865
 85600  85637
 75843  75850
 40906  40976
  2223   2289
 43363  43425
 27216  27248
 84616  84683
 40798  40820
 38361  38420
 25323  25329
 34206  34262
 37732  37777
 63669  63738
 46514  46572
  3098   3166
  4944   5003
 82336  82412
 75347  75376
 77589  77649
 30848  30933
 14334  14427
  6513   6593
 69471  69487
 69146  69245
 39068  39105
 22559  22590
 57363  57400
 35164  35172
 86565  86568
 36495  36528
 66988  67000
 71644  71688
 72063  72151
 13972  13987
 11819  11887
 65286  65320
 14274  14373
 24382  24412
 33094  33136
 58845  58881
 33433  33501
 27123  27150
 79705  79709
 23207  23243
 39284  39295
 81649  81657
 56754  56822
 45997  46002
  8283   8363
 74279  74285
 16252  16301
 65039  65092
 57078  57127
 17408  17505
 80535  80634
  5300   5329
 76774  76861
 57427  57511
 74699  74778
 56600  56674
 40546  40582
 57992  58005
 57236  57251
 86754  86764
  1312   1347
 27353  27357
 82832  82899
 59126  59193
 28250  28291
 54816  54913
 44319  44404
 42016  42041
 44523  44610
 42191  42245
 18658  18718
  5100   5126
 29902  29971
 32616  32688
 39452  39470
 26058  26105
  2835   2929
 78424  78454
 25902  25982
 19492  19552
 79607  79639
 75682  75733
  3887   3972
  2879   2879
 27573  27625
 58779  58867
 85803  85812
 85945  85987
 64482  64568
 12279  12350
  7421   7476
 79631  79670
 84501  84587
 74955  74989
 31721  31765
 11362  11452
 29179  29223
   481    497
 87369  87440
 22178  22251
 44272  44309
 25150  25180
 46367  46451
 68467  68519
 46396  46407
 11219  11301
 80861  80865
 24317  24388
 38246  38258
 72829  72923
 52351  52357
  8604   8621
  1017   1091
 57246  57337
 20944  21022
 30444  30507
 40615  40687
 25584  25675
 64511  64583
 32775  32830
 62765  62791
 82334  82389
 15958  15996
 69301  69312
 83951  83996
 49542  49551
 76340  76388
 16293  16343
 19489  19523
 29764  29855
 79709  79784
 14423  14464
 80109  80190
 32689  32725
 28864  28872
 35521  35528
  6502   6570
 55111  55137
 69782  69875
 21506  21591
 38201  38268
 24873  24968
 80162  80244
 80684  80731
 76471  76491
 72190  72237
 55988  56069
 16249  16303
 56056  56079
 66866  66934
 14319  14362
 50361  50426
 86197  86251
 31871  31903
 60066  60088
 78374  78395
 13695  13763
 37371  37392
 36742  36831
 47041  47133
 60720  60744
 69689  69696
 14849  14877
 32375  32375
 79511  79554
 55765  55825
 63300  63358
 37635  37692
 27231  27263
 84041  84057
  8095   8113
 47594  47612
 48438  48491
 35620  35643
 34200  34260
 28945  29006
 43798  43838
 25219  25262
 23882  23885
 68272  68314
 30715  30725
 40127  40220
 66187  66206
 58250  58283
 87109  87181
 23151  23234
 58904  58916
 68214  68240
 21835  21875
 86830  86928
 37079  37149
 84899  84947
 87163  87187
  2733   2820
 56534  56564
 22299  22334
 74268  74331
 71901  71937
  1285   1363
 53567  53580
  7052   7109
 53699  53757
 29647  29671
 86382  86417
 13464  13544
 19470  19490
 40547  40613
 44331  44365
 33051  33097
 52959  52979
 22353  22376
 68775  68834
 82547  82604
 37624  37688
 20930  20976
 28735  28773
 78884  78922
 38663  38712
  2362   2416
 20567  20598
  9892   9892
 69827  69828
 13868  13899
 15434  15460
 66933  67010
 51844  51849
 53046  53114
  6561   6618
 29977  30036
 41460  41532
 19398  19474
 21820  21863
 58995  59047
 47585  47616
 58946  59025
 63071  63146
 59721  59803
 67215  67232
 63572  63591
 25833  25882
 36758  36828
  2691   2768
 15551  15628
 11861  11877
 37287  37326
 73384  73454
 71920  71997
 72635  72701
 87058  87085
 42257  42326
 78965  78979
  8343   8365
 11099  11196
 69749  69822
 54652  54661
 58452  58528
 52762  52823
 50864  50958
 40758  40777
 12953  13046
 64629  64672
 43877  43892
 33239  33282
 66695  66746
 70749  70786
 14430  14485
 48589  48686
 51763  51773
 78682  78688
 13823  13840
 54390  54461
 80802  80883
 14253  14266
 61775  61837
  7076   7164
 16661  16675
 65098  65189
 45213  45285
 37941  37975
 38115  38136
 82858  82888
 68803  68881
 49319  49332
 85739  85812
 56318  56330
 33381  33403
 33812  33886
 43035  43093
 62333  62339
 42014  42032
 44337  44345
 22807  22859
 24218  24226
 12226  12323
 81138  81200
 74264  74289
 21216  21248
 63667  63716
 23047  23103
 23787  23791
  7320   7403
 14298  14346
    42    138
 42993  43046
 87440  87465
 37254  37319
 53847  53877
 54871  54944
 38261  38283
 80622  80687
  5681   5711
 14509  14540
 42238  42283
 58220  58265
  3349   3384
 73854  73930
 69122  69193
  3874   3929
 25036  25127
 46847  46926
   507    591
 66273  66291
 86355  86443
 51203  51222
 39082  39092
 20902  20992
 14334  14359
 38387  38485
 43053  43056
 16006  16023
 35152  35208
 69676  69685
 82283  82312
   346    440
 10666  10710
 11750  11837
 73531  73586
 78697  78755
 25324  25354
 43066  43110
 68468  68513
 68896  68945
 56118  56158
  4384   4400
 22823  22876
 56608  56651
 28161  28183
 41894  41962
 72912  72932
 45868  45900
 32963  32991
    45     97
  8157   8189
 54725  54765
 59408  59409
  4927   4969
 72596  72663
 59302  59380
  1339   1405
 75907  75941
 75333  75368
 40759  40855
 42121  42129
  4720   4724
 10880  10893
 56274  56370
 35601  35616
 39888  39900
 40109  40166
 41981  42033
 31424  31471
 25680  25709
 55929  56005
 71729  71804
   323    404
 50480  50523
 51765  51833
 77932  77961
 28889  28899
 71606  71697
 82723  82815
 67919  67951
 11466  11523
 37195  37239
 61016  61030
 56304  56330
  6065   6107
 53352  53419
 76187  76191
 62244  62339
 20650  20690
 19521  19592
  7196   7257
 47730  47731
 70315  70358
 38262  38347
 53431  53518
 26073  26138
 84355  84417
 69634  69660
  2029   2102
  6508   6558
 79471  79555
 14156  14239
   692    712
 59005  59058
  9245   9343
 71215  71262
 71239  71298
 46718  46719
 55481  55512
 87417  87497
  2488   2500
 62460  62491
 19806  19811
 38634  38687
 82313  82342
 26906  26982
 26389  26414
  3999   4065
 61298  61370
   731    824
 38766  38810
 57824  57894
 13113  13131
 65655  65662
 38524  38600
 15521  15569
 85769  85860
 69501  69514
 11724  11790
 36855  36864
 40110  40159
 44794  44888
 82388  82483
 76233  76324
 33547  33591
   792    848
 69899  69906
 26612  26626
 57672  57737
 85516  85518
 11390  11445
 19370  19452
 67733  67795
 31683  31767
 56483  56546
  8026   8125
 59317  59346
 25801  25881
 10933  10955
 45357  45408
  2300   2344
 56064  56159
 87264  87272
 52308  52330
 62316  62406
 52432  52440
 18866  18890
 53986  54061
 12923  12996
 75256  75352
 82161  82259
 42829  42873
 48612  48643
 58447  58497
 50223  50318
 59779  59863
 31141  31173
  6519   6547
  6747   6810
 27664  27695
 59883  59890
 49325  49420
 36994  37062
 14283  14316
 49188  49262
 65001  65089
 81032  81084
  7782   7792
  1963   2042
 18471  18511
 27237  27271
 37961  38003
 25214  25229
 46668  46718
 41178  41267
 76845  76917
  6380   6476
 13962  13979
 39275  39291
  4124   4160
 21175  21250
 17481  17526
 79083  79134
 53499  53541
 59978  60047
 51310  51339
 49772  49775
 84095  84194
 57633  57707
   908   1004
 26449  26504
  2509   2557
 11243  11279
 82295  82345
 46937  47030
 56936  57031
 27296  27303
 84364  84413
 43436  43485
 16160  16255
 31533  31621
 11842  11882
 71791  71835
 30841  30842
 27700  27753
 27542  27608
 67551  67628
 74852  74891
 66800  66881
 16568  16607
 28638  28702
 51051  51098
 85891  85971
 28735  28802
 83162  83237
 27509  27577
 16500  16556
  8261   8282
 34414  34461
 33178  33182
  8356   8362
 87024  87041
 85879  85947
 38755  38814
 12104  12116
 82478  82533
  1376   1414
 66349  66358
 29176  29182
 51580  51631
 37264  37326
 47367  47463
  1282   1289
 36627  36677
 43687  43771
 46976  47073
 13142  13189
 16116  16134
 85093  85145
 70753  70850
 10120  10196
 74730  74737
 29982  30020
 51744  51819
 70370  70427
 19724  19762
  8186   8241
 53731  53813
 70716  70723
  5168   5257
 38283  38289
 15581  15633
 42753  42782
 57619  57680
 56709  56752
 71285  71324
 31562  31604
 48494  48578
 15396  15450
 48864  48956
  4014   4060
 27021  27088
   764    857
 75155  75156
 42723  42795
 41942  41977
 55968  55988
 70181  70203
 37619  37675
 66577  66672
 69475  69569
 55283  55360
 75948  76036
 86591  86625
 21657  21706
  1937   1992
 65863  65883
 42481  42555
 79976  79992
 77119  77133
 56299  56343
 25793  25833
 53799  53817
 16871  16925
  5129   5207
 26237  26300
  8489   8534
 36504  36599
  1027   1059
 60176  60215
 35431  35467
 60050  60134
 59958  60030
 50176  50194
 45464  45543
 53529  53535
 87352  87399
   729    763
 57529  57620
 82632  82729
 54914  54959
 64450  64513
 78108  78122
 87129  87211
 11684  11733
  9105   9137
 55809  55809
 66300  66320
 13520  13561
  4092   4116
 71909  71975
 51967  52058
 31818  31894
 54139  54190
 59582  59623
 13110  13165
  4952   5050
 36637  36726
 71435  71468
 26512  26568
 32137  32155
 23841  23867
  2643   2724
 36318  36351
 38731  38777
 78130  78157
 15297  15379
 62755  62777
 87223  87223
 84881  84907
 53037  53121
 40544  40556
 77701  77756
 74197  74235
 63251  63273
 36268  36306
 66599  66631
 85725  85771
 42185  42219
 37373  37470
 17702  17724
 64103  64149
 24232  24265
 74207  74275
  3558   3642
 46361  46433
 13702  13717
 31402  31463
 72988  73022
 80623  80706
 60198  60234
   977   1012
 77233  77265
 36374  36390
 74714  74776
 68067  68097
 45839  45895
 65267  65363
 26689  26764
 13042  13130
  1261   1354
 69278  69335
 13947  14041
 53522  53581
   376    427
  9185   9240
 78878  78941
 67308  67363
 51093  51180
 40792  40830
 54153  54191
 70615  70629
   796    882
 42031  42061
 24526  24532
 19612  19665
 18598  18643
 31943  31960
 65947  65987
  6867   6938
  9729   9798
 34386  34421
 41927  41953
 61463  61556
 82456  82474
 85855  85904
  1564   1568
 25076  25162
 33236  33324
 66315  66357
 79709  79791
 20745  20757
 48042  48054
 41429  41486
 42292  42341
 11248  11251
 57031  57039
 12756  12827
 57435  57461
 15858  15925
 87146  87150
  4628   4693
 37382  37395
 35225  35277
 68284  68314
 32342  32374
 11425  11425
 87540  87543
  5796   5876
 23804  23899
 82875  82972
 67492  67541
 70102  70196
 64933  64963
 85676  85692
   112    137
 53061  53103
 50841  50869
 54750  54794
 47753  47801
 71849  71851
 18802  18896
  5596   5680
 23201  23249
 11483  11527
 42379  42394
 67117  67210
 59971  60022
 47297  47336
 60301  60391
 77079  77102
 56333  56353
 76119  76183
 40368  40415
 84983  85064
 70660  70690
  9135   9197
 13139  13230
 35810  35855
  2961   3028
 65074  65098
 84805  84838
  5346   5419
 80929  81023
 73256  73336
 57913  57974
 64641  64737
 54924  55010
 76917  76950
 85626  85630
 58654  58658
 20461  20498
 40448  40511
 51423  51438
 51311  51322
  4092   4188
 46872  46886
 33888  33903
 84010  84082
 23259  23307
 65334  65398
 74837  74850
 26278  26287
 23690  23735
 14732  14760
 45652  45712
 19077  19120
 36618  36637
 80808  80815
 44183  44224
 14205  14279
 81223  81268
 36376  36377
 61708  61718
 50292  50292
 24405  24428
 80781  80867
 13689  13783
 82713  82749
 67346  67433
 69452  69529
 11907  11909
 47276  47369
 66307  66402
 80637  80714
 45297  45350
 26839  26892
 52693  52711
 80838  80895
 49240  49336
 20489  20526
 15884  15976
 80451  80515
 81122  81188
 57041  57072
 43743  43790
 13084  13150
 20811  20868
 66590  66609
 41015  41072
 73361  73451
 41608  41609
 38746  38812
 29953  29996
 44633  44675
 38557  38585
 50862  50944
   810    855
 84144  84206
  4518   4532
 57028  57077
 42784  42831
 72862  72870
 34754  34778
 46189  46235
 72040  72075
  9204   9204
 29683  29685
  2099   2165
 15829  15914
 76076  76125
 41656  41725
 58030  58032
 31511  31573
 60437  60480
 54197  54272
 61626  61631
 65786  65878
  2078   2123
 16749  16822
 31236  31322
 78224  78300
 53604  53683
 39035  39092
 20570  20649
  7645   7742
 52887  52919
   849    877
 52763  52795
 56171  56188
 18339  18351
 73762  73836
 56085  56145
 33994  33998
 86586  86658
  1741   1808
 44098  44131
 16383  16456
 66879  66935
 19132  19177
 31373  31380
 48030  48076
  5717   5751
  6467   6492
 65705  65753
 57504  57534
 10863  10915
 23178  23276
 63238  63271
 60593  60642
 14884  14953
 30336  30375
  2727   2745
 55937  55953
 76681  76746
 82751  82791
 56823  56913
 19978  20073
 32096  32097
 39971  40028
 82805  82895
 47268  47334
 62034  62067
 59580  59631
 39487  39514
 21414  21458
 38556  38621
 34568  34615
 34477  34563
 40661  40662
 28467  28494
 30422  30472
 76282  76361
 37834  37851
 58272  58293
 39071  39078
 34140  34155
 17757  17788
   398    408
 19613  19622
 28428  28512
 33157  33195
 27160  27183
 48449  48486
 72331  72417
 78748  78781
 80411  80468
 47392  47445
  4042   4071
 83935  84004
 47175  47241
 78846  78854
 51779  51834
 83370  83419
  4486   4545
 43637  43674
   217    282
 85061  85130
 74777  74785
 26712  26808
  5054   5111
 83026  83085
  1524   1528
 50957  50958
 11249  11301
  1628   1694
 44334  44419
 35449  35514
 29448  29497
 86032  86111
 51460  51534
 49007  49062
  2838   2848
 75886  75947
 50800  50834
 48736  48786
 21504  21559
  9117   9143
 56889  56917
 30555  30605
 35909  35972
 56683  56782
 86197  86287
 68506  68558
  9548   9555
  9727   9773
 19326  19328
 17321  17418
 78371  78411
 45278  45314
 33310  33310
 72264  72295
   413    426
 21832  21912
 12659  12669
 17366  17403
 80899  80924
  9009   9030
 61689  61769
 10666  10716
 15798  15806
 45828  45839
 30070  30081
  3314   3372
 19354  19370
 15767  15777
 51430  51436
  4177   4210
  5354   5374
 12818  12819
  9836   9879
 38663  38697
 48233  48326
 44595  44685
 39695  39746
 21214  21281
 16171  16192
 77557  77639
 70433  70466
 57352  57425
 74075  74158
 11926  12020
 65975  65981
 12067  12076
 62269  62324
  3104   3198
 12834  12864
 78866  78929
 63824  63884
 13863  13894
 31129  31174
 30374  30393
 73422  73484
 64513  64559
 32663  32717
 75742  75801
 53208  53274
 66511  66590
 63855  63947
 20274  20315
 83661  83732
 45124  45135
 81871  81919
 53611  53613
 86332  86342
 73157  73205
 71173  71247
 30673  30696
 32592  32653
 34352  34374
 27253  27309
 35112  35196
 82795  82825
 68132  68167
 63263  63290
 23739  23782
 11947  11980
 35793  35880
 71506  71577
 81379  81464
 72208  72234
 45787  45854
 21444  21501
 68460  68483
 75885  75954
 53878  53879
 36144  36163
 31275  31307
 72188  72207
 77162  77217
 56126  56147
 10480  10514
 69658  69673
 61904  61914
 16720  16747
 55955  56027
 27266  27337
 22560  22602
 67515  67609
 56451  56460
 81214  81299
 46754  46815
 61991  62076
 19419  19501
 16065  16095
 37178  37257
 56031  56101
 50175  50200
 84179  84222
  2922   3020
 53205  53208
 10884  10983
  6883   6975
 22523  22573
 50021  50079
 78654  78752
 57728  57820
 69294  69317
 67636  67728
 76294  76385
 38024  38085
 69869  69931
 41262  41346
 87462  87473
 22603  22700
 83538  83618
 32092  32113
 32116  32128
 86576  86647
 21584  21614
 50357  50413
 27052  27113
 25965  26034
 19337  19360
 64556  64578
  2823   2917
 72993  73049
 84629  84691
 48384  48475
 73063  73114
 32605  32699
 27092  27120
  7587   7667
 54796  54843
 85585  85633
 49350  49407
 19010  19103
 79299  79343
 14438  14520
 26638  26707
 40679  40747
 55960  55993
  4424   4475
 25245  25323
 25390  25433
 11361  11410
 85521  85532
 79198  79216
 82242  82244
   247    298
 21211  21223
 10398  10455
 48981  49041
 51741  51831
  6011   6071
 51431  51488
 61379  61379
  1110   1181
 41439  41479
 82854  82902
 24040  24080
 22753  22835
 45515  45601
 13016  13102
 40131  40167
 57499  57510
 14982  15004
 13739  13753
 51685  51738
 27650  27735
 86021  86025
 21948  22009
 77518  77608
 30275  30294
 30419  30488
 63037  63073
 52613  52628
  9333   9334
 24885  24958
  1132   1134
 59755  59786
 51470  51562
 47641  47652
 75578  75654
 38859  38952
 65449  65537
 51205  51283
 30648  30721
 33735  33810
 75466  75539
 23187  23245
 62076  62098
 39047  39075
  7689   7754
 42749  42757
 59744  59826
 21027  21114
 66509  66590
 77371  77438
 61776  61850
  4295   4388
 31293  31381
 50058  50098
 86760  86791
 85256  85256
 84575  84657
 39022  39084
 84623  84691
 75470  75569
 67607  67651
 19521  19588
 47049  47146
  8710   8804
 19923  20003
 46431  46435
   143    152
 13864  13892
 46135  46224
 81673  81680
 73866  73918
 31272  31356
 40645  40653
 58420  58472
 65407  65444
 76140  76230
 40940  40959
 64978  65056
  9335   9400
 21776  21838
 17405  17436
 83444  83499
   619    623
 77022  77100
 18638  18647
 74989  75022
 56888  56945
 87415  87452
 82843  82935
 45270  45282
  7706   7773
 65616  65660
 61075  61121
 75242  75260
 65101  65145
 54561  54657
 57872  57879
 54077  54105
 80712  80768
 15534  15559
 26440  26482
 65838  65876
 83927  83936
 55178  55262
 18274  18340
 66660  66717
 18542  18601
 49228  49302
  3287   3302
  9276   9312
 66417  66469
  1855   1864
 56520  56556
 81341  81440
   498    572
 36142  36233
  9807   9813
 77920  77933
 67931  68025
 66781  66848
 11641  11702
 46587  46657
 40587  40609
  3029   3116
 51797  51805
 13962  13998
 74949  75024
 45387  45432
 51357  51390
 19910  19923
 24812  24831
  5570   5580
 15681  15740
  5893   5984
 74825  74866
 10093  10178
 25208  25229
 16385  16470
 41411  41450
 86181  86257
 26759  26782
 74674  74752
 33848  33874
 29061  29150
 79515  79594
 28432  28451
 21700  21729
 63854  63933
 87573     57
 17575  17614
 23001  23011
 46941  46978
 86654  86719
 45441  45481
 50652  50664
 84442  84476
 78931  79010
 24041  24095
 86912  87001
 62501  62584
 79133  79217
 41555  41629
 74760  74842
 59295  59320
 63631  63685
 27073  27126
 24504  24583
 68433  68445
 19019  19043
 44779  44865
 33401  33416
 64570  64628
 74015  74027
 45719  45746
   215    272
 74427  74455
  1981   2021
 79463  79488
 55949  55983
 21214  21260
 21395  21439
 71812  71907
 13935  14018
 86241  86249
 85245  85333
  1407   1444
 38427  38506
  4635   4681
 41647  41675
 14186  14207
 46496  46561
 22630  22636
 79652  79653
 48695  48749
 52412  52437
 46656  46682
  9965  10047
  3190   3264
  7346   7433
 71087  71132
 63240  63319
 63670  63762
 57676  57703
 66033  66062
 37005  37039
 33512  33601
 40885  40963
 32842  32864
 39811  39854
 49713  49719
 79262  79355
 13376  13424
 35232  35290
 58976  59004
 39216  39272
 70960  70967
 75086  75161
 42141  42166
  6926   7017
 45230  45268
 23992  24070
 12222  12230
 70126  70199
 13613  13704
 54839  54935
 87194  87248
 42124  42214
  2120   2159
 22763  22853
 12264  12349
 31481  31485
 69483  69517
 79490  79576
 33846  33856
 45986  46070
  5173   5230
 39824  39824
 30881  30945
 52358  52360
 17532  17594
  2963   2973
 13025  13123
 22368  22399
 80823  80905
 72352  72420
 86288  86309
 28897  28987
 28386  28485
 84942  85006
  1986   2027
 30903  30922
 47202  47207
 19550  19579
 30026  30058
 68601  68646
 11203  11216
 35591  35637
 77059  77075
 39704  39758
 34533  34567
 16237  16273
 50454  50511
 16762  16853
 43417  43420
 61735  61809
 48017  48068
  5503   5540
 52552  52604
 34961  34984
 45034  45100
  5136   5204
  1192   1278
  2189   2236
 82847  82882
  6972   6972
 32616  32630
  1966   1966
 38728  38798
 66799  66868
 33362  33434
 69830  69893
 74717  74744
 27541  27627
 58949  58956
 72164  72262
 11223  11285
  5980   6072
  3687   3757
  4122   4165
 35972  36002
  4844   4853
 22950  23005
 24218  24314
 82600  82645
 14987  15057
 70384  70408
 50997  51035
  8259   8341
 27588  27686
 53119  53188
 18719  18764
 33352  33420
 32184  32263
 30583  30679
 12429  12449
 56898  56950
 74202  74245
 67861  67896
 45242  45270
 23439  23509
 18734  18779
 70579  70591
 85501  85543
 33236  33265
 67684  67742
 27993  28065
 62517  62553
 21631  21678
 73405  73454
 73641  73684
  9456   9534
 62942  63031
  5272   5293
 55293  55368
 24928  24956
 23239  23306
 85974  86054
 67864  67883
 11252  11295
 37407  37441
 21268  21305
 53641  53678
 67296  67353
 12762  12800
 51372  51419
  9692   9733
 75029  75122
 35123  35218
 63801  63859
 48718  48742
 55623  55710
 40736  40803
 11392  11479
 39692  39698
 48255  48280
 72996  73070
 15309  15399
 17001  17055
 66506  66547
 37375  37465
  8349   8412
 40532  40537
 22390  22431
 81877  81957
 41920  41935
 27137  27198
 68906  68906
 51735  51772
  7141   7194
 63417  63430
 83785  83791
 15973  16042
  1838   1878
 16131  16179
 39613  39643
 38003  38009
 71767  71805
 71872  71902
 58921  58935
 86948  87047
 44650  44661
 30419  30436
 53003  53039
 80274  80320
 20618  20620
 79429  79506
 49441  49529
  8073   8130
 50211  50287
 69429  69461
 57111  57122
 87452  87524
 14922  15011
 19016  19032
 24194  24285
 31715  31777
 86719  86805
 76509  76520
 70150  70158
 68005  68043
 65563  65592
 57272  57287
 48473  48563
  6732   6771
 83728  83756
 55921  55961
 56747  56844
 78810  78886
 64412  64450
 74853  74936
 41877  41947
 86839  86897
 84492  84516
 19841  19844
 39832  39926
  6847   6873
 56358  56434
 14810  14874
 27758  27784
 67571  67595
 67963  68053
 72007  72033
 38156  38220
 13236  13311
 29124  29211
 81664  81733
 39606  39661
 55152  55202
 52230  52310
 15702  15797
  1373   1380
 12712  12811
 82847  82934
 32321  32395
 43182  43249
 71616  71666
 20343  20405
 36783  36838
  4879   4978
 45512  45533
 72694  72747
 84909  84991
 69071  69115
 27429  27521
 12694  12785
 17812  17907
 82576  82614
 12554  12573
 24052  24120
 36035  36048
 69033  69054
 51176  51249
 47054  47073
 47628  47718
 51306  51390
 43801  43838
 20927  21000
 29056  29062
 72003  72046
 16497  16560
  9435   9506
  4513   4603
 74894  74915
 67784  67821
 62091  62135
 74093  74139
 28471  28567
 19764  19822
 19698  19732
 42491  42503
 10116  10164
  1707   1788
 46560  46639
 64354  64386
 15248  15270
 44222  44236
 33979  34060
   625    667
 17663  17702
 52705  52785
 34015  34018
 11509  11559
 86433  86439
 34730  34785
 47369  47418
 57673  57689
 41937  42004
 20337  20409
 85605  85699
 80738  80801
 40127  40171
 75700  75773
 47479  47496
 32544  32567
 61767  61782
 43807  43899
 38051  38075
 66687  66785
 39936  40030
 68341  68382
  9656   9746
 35753  35819
 43689  43713
 65169  65196
 50671  50743
 15791  15868
 87299  87322
 64582  64644
 22014  22037
 33180  33207
 69966  69966
 20316  20343
 14758  14806
 67380  67460
 13476  13500
  5709   5713
 79997  80067
 55432  55517
 69898  69932
 36879  36953
 85788  85855
 65416  65461
 67108  67129
 37055  37079
 56877  56965
 13011  13102
 29683  29725
 85447  85447
 29695  29783
 66723  66724
 55920  55925
 27313  27396
 18921  18983
 86768  86866
 52422  52446
  7524   7583
 46685  46699
 31266  31327
 18828  18880
 36285  36300
 33650  33682
 63053  63149
 36455  36473
 19786  19799
 49180  49230
 38386  38458
 30292  30357
  8552   8613
 14813  14896
 11538  11589
 43318  43359
 51961  52040
 49922  49922
 27678  27708
 32786  32868
 18435  18463
 43130  43223
 59590  59621
 36105  36137
 15337  15368
  5888   5940
 19529  19573
 25608  25691
 26939  27010
 16045  16079
 56079  56137
 56034  56076
 72006  72084
  8382   8466
 71285  71363
 85094  85148
 73730  73754
 34599  34640
 16337  16394
 15990  16013
  4114   4193
 47029  47075
 64665  64761
 27607  27675
 18023  18078
 52902  52997
 29814  29845
 37690  37787
 51222  51304
  8062   8067
 16772  16867
 37790  37794
 77968  78050
  5482   5559
 68103  68116
 16919  16972
 48181  48270
 20523  20579
 34750  34816
 18346  18361
 30478  30515
 86773  86821
 87396  87408
 12880  12970
 59819  59834
 26491  26585
 79906  79923
 49036  49107
 35416  35478
 41253  41301
 56425  56445
 10721  10725
 43863  43867
 31261  31283
 75695  75774
 20017  20025
  4067   4122
 17937  18006
 77633  77701
  2076   2162
 58561  58628
 74395  74473
 61264  61338
 12261  12353
 81844  81907
 51211  51303
 40658  40747
 76422  76445
 78034  78057
 47487  47523
  8137   8221
 80929  80984
 34279  34300
 27866  27884
 63135  63226
 58541  58566
 36136  36194
 20342  20403
 10573  10665
 28067  28095
 30437  30459
 16437  16501
 59826  59834
 34909  34918
 60470  60511
 86059  86131
 73125  73161
 34184  34240
 14046  14061
 26597  26622
 81597  81654
 59524  59550
 33131  33212
  6771   6826
 57124  57132
 30390  30426
 70338  70359
 74819  74836
 26339  26371
 16070  16117
 37730  37780
 12007  12036
   455    462
 34697  34720
 36797  36871
 19205  19238
 13600  13674
 57176  57263
 73878  73897
 57664  57674
 49688  49751
 46924  46967
 34693  34782
 21098  21158
 36010  36101
   847    880
 77875  77963
 44139  44198
 60672  60727
 65935  65946
 13067  13120
 48322  48366
 71000  71026
 32306  32399
 52410  52502
 60257  60342
 24086  24151
 81211  81270
 85757  85765
 42702  42759
 20644  20670
 59173  59264
 60641  60725
 35003  35045
 27857  27950
 65916  65964
 31137  31167
 74539  74626
 66893  66945
 29705  29791
 65877  65877
 58639  58640
 51302  51347
 53357  53381
 42952  42998
 52095  52173
 73200  73265
 73685  73710
 61218  61219
 65545  65598
 73560  73575
 42888  42949
  1947   1973
 44465  44486
 18568  18640
 66798  66805
 81015  81077
 61536  61577
 50649  50723
 74244  74269
 24084  24161
 57511  57514
 40380  40467
 61800  61801
 86594  86671
 20686  20751
 73046  73110
 43357  43432
  8434   8526
 25407  25418
 56535  56550
 79060  79070
 57133  57197
 49447  49485
 63297  63300
  8071   8147
 28988  29066
 36311  36402
 16406  16503
  4591   4682
 21013  21028
 31521  31526
  8260   8326
 37496  37563
 71108  71155
 28850  28859
 33603  33652
 71075  71124
 42949  42963
 73392  73395
  6611   6661
 80403  80468
 63718  63765
 86301  86302
  8763   8858
  1903   1933
  8134   8177
 73587  73678
 33718  33741
 33529  33618
 78425  78524
 73619  73625
 61881  61903
 71148  71205
 56697  56787
 77237  77327
 51886  51924
 70164  70217
 50163  50250
 53105  53139
 22356  22398
  4326   4389
 70910  70990
 86072  86157
 73867  73942
 74396  74444
 68810  68836
 18241  18259
 66433  66519
 24057  24089
 50492  50537
 60405  60407
 75740  75817
 15846  15867
 49856  49916
 12869  12904
 16656  16709
 64727  64737
 28943  28963
 83997  84033
 23467  23542
 86224  86224
 85145  85221
 51340  51418
 37020  37104
 12921  12929
 58938  58975
 41442  41533
 71154  71249
 38550  38605
 50097  50168
 57385  57447
 86795  86829
 33477  33571
 49385  49392
 50381  50478
 20934  21012
 30567  30646
 84635  84689
  5185   5188
 33682  33735
  2738   2832
 46247  46343
 83306  83379
 15465  15528
 16870  16935
  7653   7665
 59868  59933
 10863  10904
 40987  41009
 75076  75162
  5750   5790
 69494  69512
 64520  64555
  1600   1620
  6420   6448
  8594   8676
 74596  74617
 61579  61675
 42205  42232
 23539  23590
 25694  25725
 51534  51567
 66033  66061
 81972  82069
 14722  14744
 80577  80636
 62046  62086
 58231  58263
 81253  81349
 77459  77473
  5469   5517
 71186  71187
 74025  74071
 42755  42786
 14477  14516
 82554  82650
 39773  39825
 12528  12603
 54875  54935
  5504   5564
 84652  84706
 83008  83049
 78716  78742
  2309   2377
 85511  85576
 64484  64493
  9453   9479
 46344  46365
 75045  75144
 29864  29880
 66098  66131
 75409  75484
 31174  31183
 14977  14985
 82325  82376
 42618  42703
  4737   4772
 81864  81951
  2586   2586
 84565  84619
 23752  23846
 75537  75616
  6747   6800
 19340  19423
 34323  34371
 28912  29006
 79790  79821
 21835  21902
 13256  13336
 64820  64848
 67968  67991
 21969  22062
 62850  62868
 61747  61773
 60551  60633
 58145  58160
 10301  10366
 23997  24060
 82589  82635
 51666  51688
  3570   3610
 45017  45042
 11496  11555
 27643  27711
   292    375
 28761  28764
 25867  25922
 47376  47451
 40112  40134
 20419  20466
 69256  69276
 32258  32283
 87272  87365
 62969  63022
 69446  69484
 37499  37541
 82148  82149
 86563  86565
 12829  12855
 48987  49025
 36069  36114
 82920  82979
 84889  84941
 34396  34411
 27569  27583
 83886  83959
 47771  47780
 42922  43015
 21001  21021
 23283  23358
 57464  57506
 35240  35257
 29669  29737
  7317   7409
 29140  29173
 36758  36833
 24486  24550
 59510  59511
 48394  48482
 61539  61607
 65270  65327
 78706  78754
 53604  53616
 28430  28482
 32871  32910
 17400  17471
 86795  86863
  3589   3666
 46399  46413
 27977  28034
 85583  85659
 63606  63695
 10206  10236
 50938  50941
  4614   4642
 55655  55744
 47948  47970
  7518   7524
 14544  14607
 77868  77963
 45773  45827
 76894  76927
 19106  19152
 39913  39940
 79237  79291
 65174  65254
  8384   8462
 20696  20767
 71680  71734
 24616  24629
 83930  83946
 25787  25825
  6185   6229
 63124  63205
 50974  51011
 29380  29464
 79315  79379
 26596  26606
 47265  47354
 16355  16367
 27661  27721
 62908  62960
 12989  13035
 71831  71909
 51736  51835
 51562  51659
 63182  63225
 87463  87551
 49356  49384
 20550  20597
 69207  69263
 62690  62780
 39429  39454
 52192  52195
 15327  15333
 78896  78980
 67630  67650
 40016  40051
  4703   4753
 23723  23746
 58425  58447
 38279  38320
 80390  80441
 56413  56453
 16207  16212
 76955  76982
 10208  10258
 62153  62211
 13673  13737
 74584  74612
 53981  54077
   353    372
 45889  45951
 10846  10880
 10122  10146
 76867  76904
 27496  27549
 84723  84755
 52782  52827
 17841  17886
 14180  14190
 69411  69467
 43890  43907
 15170  15224
  7061   7096
 33746  33784
 54773  54834
 36850  36938
 48687  48763
 30895  30935
 50400  50402
 22651  22718
 39013  39108
 13243  13257
 77372  77414
 68427  68447
 29092  29140
 66635  66664
 16663  16752
 60330  60391
 36718  36778
 37473  37565
 35887  35938
 77360  77396
 50362  50436
 62995  63074
 42003  42025
 29965  29977
 63611  63684
 38142  38210
 38336  38404
 63424  63478
 40382  40480
 66260  66328
 19915  19995
 68863  68900
   198    256
 42836  42853
 28159  28210
   467    506
 40235  40303
 46438  46515
 18616  18688
 56667  56708
 31545  31631
 15232  15291
 15196  15271
 33501  33584
 62095  62147
 39468  39529
 64516  64527
 44458  44473
 45766  45807
 40499  40542
 67061  67147
  2638   2700
 30257  30312
 51082  51133
 82543  82636
 28204  28292
 65511  65540
 72683  72720
 30739  30760
 24880  24972
 36116  36158
 83145  83222
 13798  13822
 40904  40919
 78898  78939
 66423  66498
 61015  61094
 41848  41946
  7976   7977
 21204  21257
 18172  18216
  1206   1218
 51743  51818
  7210   7301
 81362  81363
  5090   5125
 61746  61828
 41156  41211
 70643  70710
 12644  12732
 27852  27866
  2150   2204
 36160  36238
 42316  42346
 17110  17193
 72144  72214
 62424  62430
 31182  31270
  2116   2198
 10166  10193
 33418  33466
 34174  34249
 57919  58005
 71585  71653
 67921  67971
 53334  53396
  9618   9628
 43367  43395
 21618  21640
 75764  75774
  6458   6463
 26859  26940
 56599  56690
 77864  77896
 10280  10316
 20269  20351
 19650  19712
 24331  24405
 75263  75313
 49455  49542
 38121  38149
 59900  59929
 42751  42777
 34673  34736
 23532  23586
 76449  76496
 45869  45890
 11540  11601
 62986  63000
 25989  26078
 79212  79295
 69327  69389
 54728  54753
 69570  69590
 71664  71738
 69694  69764
 80688  80751
 45418  45509
 31205  31254
 50992  51010
 30784  30860
 53267  53323
 24883  24982
 31454  31542
 37638  37648
  4835   4862
 84769  84852
  9048   9142
 28764  28832
 83439  83491
 64328  64332
 37537  37555
 53411  53433
 49418  49475
 52016  52102
  3254   3303
 85583  85674
 30887  30919
 66124  66193
 24757  24761
  9522   9541
 74778  74819
 56074  56116
  7810   7850
 61716  61811
 20454  20476
 80242  80262
 16751  16770
 66257  66307
 46099  46142
 74152  74174
 62084  62158
 38847  38879
 59363  59385
 58610  58643
 20221  20233
 68621  68678
 78786  78875
 19886  19898
 28280  28298
 51554  51586
 51278  51280
 16687  16709
 18038  18065
 44674  44763
 48131  48131
 28954  29024
 38169  38230
 34906  34987
 80311  80341
  6551   6603
 34645  34652
  3837   3921
 17896  17969
 31158  31239
  1667   1700
 36130  36181
 75718  75776
 25348  25357
 28771  28797
 85618  85630
 17980  18045
 79633  79660
  4155   4169
 86475  86476
  5594   5636
 73649  73744
 77253  77307
 11551  11643
 84103  84154
 12331  12349
 68768  68846
 16391  16484
 72436  72446
 75172  75221
   908    910
 84708  84765
 49248  49288
 23359  23368
 84813  84817
 86332  86408
 39885  39973
 64691  64741
 10566  10646
 51522  51616
  4896   4974
 52886  52889
 62924  62929
  5738   5743
 27571  27585
 70085  70162
 55707  55729
 16892  16974
 24896  24901
 65629  65710
 56525  56547
 77883  77952
 18541  18594
 23865  23913
 16876  16895
 59685  59700
 74267  74335
 60002  60028
 68575  68672
 30201  30289
 14523  14590
 20922  20923
 33444  33488
 65438  65489
 68187  68198
 78479  78552
  2734   2781
 22627  22630
 52578  52590
 57199  57216
 18192  18227
 57633  57714
 76047  76049
 58167  58177
 16721  16769
 25162  25198
 31974  32050
 75967  76065
 55414  55415
 60637  60717
 33223  33237
 18951  19032
 72477  72535
 81388  81418
 70486  70524
 17994  18014
 52683  52754
  5457   5504
 43984  44022
 84133  84176
 30588  30621
 54892  54943
 85349  85396
 13236  13241
 31116  31189
 43629  43726
 71201  71298
 60865  60873
 25225  25289
 33448  33527
 51978  51981
 69874  69933
 64577  64666
 60241  60270
 31564  31628
 53778  53821
 36866  36903
 11255  11307
 83058  83155
 37603  37684
 67516  67543
 53427  53461
 42136  42136
 74378  74460
 63064  63152
 11207  11256
 76926  76977
 63527  63569
 83525  83585
 24623  24701
 16018  16069
 74858  74881
 29787  29825
 86285  86372
 55089  55145
 69820  69893
 33220  33245
 36328  36409
  3925   3941
 79204  79214
 12201  12267
 25931  25975
 26461  26546
 67376  67445
 11173  11268
 82874  82941
 52321  52353
 39686  39713
 56081  56157
 76696  76775
 16910  16997
 64355  64357
 43722  43815
 87241  87292
 60024  60102
 68832  68925
 51158  51163
 17015  17067
 76217  76240
 20309  20375
 14530  14549
  7513   7602
 25153  25199
 87438  87478
 71983  72057
 38521  38609
 84223  84291
 35894  35894
 68924  68965
 60399  60481
 14053  14081
 66126  66202
 60155  60253
 11599  11635
 41295  41390
 78231  78269
 60243  60277
 21033  21103
  2233   2240
 31263  31277
 47279  47358
 86381  86415
 25588  25630
 13651  13698
 57511  57524
 35148  35205
  1856   1918
 57845  57913
 81960  82048
 87157  87237
 61552  61604
 12612  12671
   850    944
 31693  31724
 65310  65374
 72132  72186
  3710   3755
 22810  22828
 16617  16665
 62146  62211
 46889  46928
 78885  78933
  3041   3122
 18846  18870
  8826   8916
 23981  24062
 27659  27752
 33416  33493
 77372  77460
 17015  17105
 64532  64628
 67128  67159
 78445  78534
 24872  24880
 84103  84115
 86233  86268
 66624  66624
 69782  69812
 43487  43565
 50463  50490
  9630   9692
 41767  41832
 87278  87299
 60929  61024
 35927  35959
 58848  58937
 44904  44957
  4770   4785
 25006  25054
 37600  37606
 24300  24375
 10555  10601
 80493  80565
 40380  40396
 68423  68451
 34471  34561
 55165  55199
  4075   4148
 51142  51184
 18450  18450
 68545  68606
 84925  84984
 17464  17557
 61542  61578
   523    573
 82836  82877
 79816  79844
 56820  56849
 77011  77098
 47513  47571
 55040  55125
 78684  78700
 26153  26242
 39063  39083
   409    466
 82065  82091
 80634  80638
 27443  27523
 27874  27952
 83389  83441
 68738  68799
 84135  84172
 73886  73909
 30857  30858
 39115  39187
 50637  50638
  5610   5672
 26441  26499
 84986  85011
 75762  75771
 38356  38398
  2529   2597
 10763  10855
 40945  40952
 52092  52110
 32919  33007
  5052   5132
  6501   6569
 11915  11946
 43756  43840
 61616  61691
 27180  27277
 73063  73096
 41116  41157
  5785   5809
 41678  41688
 51920  51952
 62678  62742
  1854   1869
 75833  75923
  6587   6684
 67232  67272
 34516  34591
 17546  17569
 42205  42265
 19573  19654
 81475  81525
 75907  75919
 70818  70883
 65970  66037
  9279   9288
 44679  44727
 72599  72695
 34706  34713
 44710  44742
 21672  21736
  7922   7951
 15530  15531
 16012  16013
 16311  16403
 38679  38695
 43020  43029
 29233  29289
  4952   5040
  7656   7755
 76022  76071
 57699  57752
 50743  50804
   573    628
 46602  46645
 70157  70229
  2501   2519
 12128  12198
 31845  31876
 56174  56201
  8344   8440
 31703  31770
 72937  72958
 67433  67507
 56527  56580
 86224  86225
 76349  76411
 75343  75385
 16955  17017
 15200  15223
 66217  66266
 24042  24055
 26118  26195
 46911  46964
 73350  73378
  3057   3128
 18217  18240
 47406  47414
 18184  18244
  9454   9533
 73292  73311
 35406  35461
 38480  38485
 80800  80870
 51069  51163
 76074  76128
 68501  68599
 82133  82186
  2001   2081
 39300  39365
 45839  45921
 63869  63917
  1821   1910
 23153  23202
 26040  26113
 85985  86015
 85255  85334
 64346  64387
 23346  23364
 16685  16753
 49155  49211
 19490  19539
 70549  70567
 86658  86659
 80193  80274
   747    790
 44575  44631
 46262  46312
 39929  39956
 44702  44784
  4638   4676
 21459  21543
 68105  68128
 46708  46804
 48831  48877
  8434   8466
 15598  15600
 12140  12233
 53613  53671
 59005  59044
   864    876
 73380  73458
 74577  74670
 20102  20173
 20093  20110
 18296  18390
 24488  24583
 69315  69340
 52278  52326
 57005  57101
 70101  70160
 37701  37771
 83217  83222
 45288  45290
 79484  79518
 56206  56229
 21743  21766
 70499  70506
 46666  46713
 75441  75468
 69699  69736
 21011  21063
  6201   6210
 59888  59982
   973   1042
 17776  17835
 34091  34188
 56359  56443
 56045  56085
 16920  16963
 12305  12362
 71996  72018
  5916   5939
 18031  18117
  3538   3542
 66822  66835
 51010  51014
 85092  85096
 57450  57530
 51607  51661
 24226  24291
 68083  68119
 42773  42785
 85345  85381
 71365  71411
 48393  48492
 81647  81725
 41757  41797
 31808  31907
 55173  55236
 67148  67178
 36305  36376
 15620  15697
 26796  26860
 40857  40932
 20420  20484
 31845  31865
  6883   6915
  1260   1304
 10933  10969
 66191  66215
 84274  84278
 69132  69216
 28260  28358
 43028  43108
 45246  45311
 24025  24063
 76563  76627
 55603  55699
 14379  14394
 63140  63187
 62520  62525
  6942   6993
 35040  35107
 64091  64122
 30799  30873
 44460  44549
 86374  86398
 46078  46159
 59509  59568
 64144  64172
 87146  87190
 28672  28712
 70799  70815
 22035  22060
 62318  62363
 27087  27095
 41329  41405
 45334  45395
 82144  82153
 74616  74639
 38959  38985
 44248  44286
 60865  60931
 22813  22839
 12854  12881
 70186  70214
 58478  58489
 15423  15473
 25137  25169
 14478  14478
 66198  66201
  8097   8105
 32763  32784
 53401  53425
  2688   2786
 71156  71160
  6117   6171
 33237  33265
 81946  82004
 35799  35815
 62799  62878
 12177  12232
 36953  37026
 80084  80165
 69116  69118
 35816  35863
 34772  34843
 76108  76176
 12461  12534
 49841  49869
 31177  31248
 68750  68830
 45264  45328
 26512  26518
 44097  44173
 41586  41604
  6335   6425
   230    286
 63585  63588
  2378   2405
 48548  48630
 33333  33398
 16768  16867
 26007  26095
 33887  33978
 46355  46432
 30533  30546
  4896   4948
  4922   5004
 77998  78094
 15855  15928
 18831  18914
 62241  62326
 71028  71099
 41185  41249
  9193   9203
 78065  78107
 41320  41396
 39615  39619
 74881  74911
  7533   7608
 17872  17928
 82759  82844
 42425  42521
 46745  46827
 38481  38490
 37756  37808
 49612  49697
 35215  35269
 46405  46489
 61854  61945
 62022  62092
 19184  19245
  8632   8711
  2214   2217
  3929   3964
 55756  55756
 60374  60428
 47862  47895
 66540  66557
 72783  72838
 29074  29150
 75031  75049
 80448  80498
 17350  17393
 22313  22365
 85952  85996
 84096  84156
 79436  79489
 52174  52221
 39959  40045
 53641  53699
 53981  54035
  4380   4407
 76791  76808
  8703   8729
 22102  22121
 46612  46698
 57586  57673
 22152  22156
 75955  75963
  6225   6299
  5301   5382
 73364  73460
  4549   4577
 43389  43460
 39048  39096
 49995  50083
 65410  65490
  2113   2126
 36035  36054
 34612  34687
 18683  18716
 53882  53929
 29892  29922
 63893  63927
 84499  84552
 44557  44632
 75128  75148
 54228  54239
 34790  34813
  4362   4386
  2232   2328
 38808  38891
  5100   5185
 37909  37946
 51046  51112
  9102   9117
 19615  19667
 53769  53824
 26823  26843
 33002  33090
 61957  61996
 36162  36166
  3905   3960
  2656   2701
  1413   1465
 79005  79031
 43566  43649
 50802  50851
 75759  75821
   699    794
 15540  15624
 41704  41799
 26818  26824
 53109  53201
 80202  80271
 20058  20125
 30927  30998
  2751   2811
 23337  23409
 51589  51604
 39395  39466
 31525  31571
  4754   4765
 37054  37107
 25221  25263
 13939  13976
 42433  42489
 14200  14204
 61169  61200
 76777  76803
 28972  29004
 16612  16638
 55972  56066
 78952  79015
 25838  25902
 49012  49094
 26769  26827
  2062   2062
 32625  32631
 69205  69260
 10548  10607
 85509  85586
 68183  68282
 69877  69949
 24469  24473
 51193  51255
 11875  11945
 37575  37641
  3560   3571
 51260  51346
 62274  62373
  6657   6702
 13371  13439
 42447  42528
 34266  34275
 42711  42802
 40584  40648
 60077  60098
 14801  14879
 11893  11922
 44724  44760
 46312  46407
 18079  18101
 27112  27113
 85729  85791
 26980  27056
 80909  80997
 48774  48867
 18224  18289
 50318  50388
 50300  50368
 76538  76604
 67732  67743
 49903  49925
 79939  79953
 63776  63851
 77768  77809
  7646   7731
 37232  37316
  6446   6497
 37610  37613
 72969  72985
 84052  84143
 67161  67219
 67558  67615
 53376  53377
 80972  81069
 45977  46007
  4192   4233
 31457  31492
 44758  44811
 16503  16508
 33947  33963
 75304  75377
 15152  15237
 77728  77823
 40056  40063
 61144  61206
  5187   5246
 66259  66310
 35399  35414
 27229  27247
 57698  57704
 13716  13789
 29934  30009
 15055  15113
 65233  65250
  7588   7614
 58299  58313
 49537  49618
 38904  38961
 50800  50883
 27795  27858
 32103  32152
 40560  40598
 48165  48255
 74392  74413
  4066   4102
 57612  57627
 32136  32177
   896    910
 54181  54195
   735    796
 86247  86328
  8942   8961
 79573  79648
  8513   8558
 57362  57384
 17132  17202
 12220  12225
 12851  12893
 53535  53618
 32799  32898
 62809  62854
 18405  18425
 22056  22079
   342    364
 79598  79637
 60491  60538
 19802  19843
 24434  24528
 24916  25000
 10036  10116
 45574  45646
 60085  60184
 58830  58900
 19706  19741
 66663  66677
 11205  11210
 38991  39085
 40351  40414
 65102  65173
 40768  40838
 42698  42784
 38569  38598
 40777  40790
 33848  33875
 26847  26928
 34281  34303
 51179  51266
 19484  19499
 41587  41676
 87054  87072
 55456  55467
 12725  12735
 66461  66492
 67438  67513
 74597  74635
 84551  84620
 31766  31841
  2618   2700
 40505  40596
 28677  28690
  3552   3650
 71928  71983
 22139  22141
 85909  85926
 31670  31696
 37597  37692
 32968  33004
 44134  44204
 33871  33930
 47218  47276
   719    782
 67137  67214
 83550  83590
 51541  51605
  3196   3280
  2293   2383
 12590  12611
 16615  16642
 49379  49394
 40797  40858
 78318  78388
 57012  57067
  2035   2047
 55118  55156
 70811  70909
  9156   9177
 61060  61156
 65924  66022
  7081   7149
  1420   1454
   382    390
 28198  28272
 59788  59864
  3262   3296
 59258  59313
 85900  85926
 30317  30389
  2872   2969
 16910  16933
 29334  29358
  6473   6481
 14092  14108
 47091  47141
 21130  21204
 16589  16657
 38906  38920
 13282  13372
  1026   1063
 51666  51672
 84456  84525
 68237  68299
 81175  81253
 36377  36410
 12539  12620
 67163  67188
 82192  82209
 51942  51968
  3662   3688
  1501   1565
 38727  38792
 63536  63584
 22264  22356
 53382  53468
 86192  86203
  6819   6872
 73539  73584
 55268  55358
 17390  17390
 34471  34500
  5591   5661
 66344  66411
 64251  64267
 65294  65305
 55499  55551
 22483  22524
  1347   1390
 53289  53323
 41189  41252
 58412  58492
 21412  21471
 58050  58114
 34809  34836
  2106   2125
 64434  64524
 70328  70383
 71503  71531
 49751  49764
 57071  57105
 25947  25994
 54149  54214
 20763  20830
 53172  53244
 18433  18465
 17491  17502
  7771   7806
 43157  43231
 47083  47129
 59785  59852
 23382  23429
 27209  27244
 51440  51468
 55715  55792
 33960  33960
 76560  76564
 15980  16072
  8023   8048
 27081  27166
 28669  28722
 18933  19002
 71915  71923
 34582  34668
 31937  32036
 21652  21741
 47622  47714
 22797  22857
 34788  34834
 19434  19524
  8694   8705
 42523  42558
 50104  50157
  3248   3320
 65796  65856
  2948   3004
 60389  60475
 61342  61431
 84383  84426
 37700  37731
  8671   8688
 11047  11086
 59019  59078
 28495  28506
  2225   2264
 27125  27131
 63540  63580
  1988   2031
 60440  60516
 30270  30289
 21915  21988
 86003  86029
 72960  72992
 16684  16736
 50310  50320
 57683  57694
 11405  11416
 59053  59130
 39238  39322
 56795  56823
  6865   6919
 84314  84402
 81918  81940
 26127  26133
 74326  74332
 10116  10134
  4400   4409
  3488   3557
 34232  34259
 53659  53679
 76464  76505
 39151  39215
 49236  49276
 45712  45781
 57754  57771
 72428  72453
 17980  18070
 54400  54420
 57235  57308
 19713  19768
 11777  11805
 79026  79092
 49579  49623
 75488  75570
 33378  33471
 53301  53355
 27018  27040
  2108   2135
 41924  41992
 24773  24855
 84036  84106
 80831  80880
 51458  51498
 67960  68048
 71002  71032
 73565  73645
 42857  42875
 86984  87061
  2034   2112
 27566  27663
 10534  10535
 11409  11499
 80584  80653
 29416  29502
 70134  70206
 61466  61553
 31970  31988
 44356  44416
 75203  75205
 80276  80343
 31151  31211
 39182  39257
 23891  23902
 27164  27191
 40050  40051
  7543   7574
 85364  85421
 50289  50376
 86255  86304
 57413  57486
 83309  83388
 47674  47736
 28255  28330
 66714  66731
  1029   1092
 62939  62973
 75462  75497
 79506  79565
 73174  73180
 62474  62565
  4512   4551
 54715  54775
 62206  62258
  8561   8659
 64639  64711
 32023  32070
 74213  74223
  3954   4015
 22926  23007
 32133  32154
 35748  35760
 22608  22696
 82126  82171
 51914  51934
 60157  60236
 32578  32578
 63675  63690
 47276  47293
 43613  43613
 57746  57808
  7384   7393
 21308  21400
 74562  74657
 19982  20006
 21224  21311
 26388  26443
 14296  14352
 36585  36642
 70658  70756
 35455  35543
 11979  12024
 85595  85652
  5950   6038
 50584  50666
  7071   7075
 75866  75913
 10089  10177
 15541  15578
 14939  15018
 82135  82148
 25640  25660
 80282  80376
  1631   1673
 48548  48562
 16719  16722
 85768  85824
 35657  35703
 86944  87042
 24379  24414
 18951  18996
 42337  42391
 64886  64950
  7824   7860
 70298  70303
 72574  72591
 82376  82409
 54531  54569
 67712  67745
  4321   4385
 43186  43264
  2075   2119
 68583  68649
 66981  67030
 35490  35528
  7692   7698
 44177  44185
 52900  52950
  6770   6868
 41857  41905
 80734  80827
 63606  63667
 60405  60491
 13618  13655
 81199  81256
 77476  77557
 72463  72481
  6446   6478
 79658  79712
  1334   1336
 70697  70733
 83020  83099
 72986  73084
  6840   6849
 58149  58168
  4850   4855
 63362  63424
 61847  61852
 54278  54349
 43591  43591
  8753   8757
 59736  59754
  3586   3629
 28372  28395
 18065  18150
 21676  21775
 36118  36160
 24402  24501
 56816  56904
 54427  54464
 46964  47025
 68691  68755
 21675  21762
  5469   5527
 55452  55520
 76635  76712
 47541  47638
  9034   9047
 47533  47622
 39726  39777
 19151  19241
 68177  68180
 42634  42723
 52886  52910
  2787   2884
 24115  24132
 59283  59381
 76213  76215
 69537  69562
 84616  84650
 53784  53844
 37638  37642
 75921  76016
  7421   7446
 48596  48670
 27441  27470
 13087  13150
 28833  28858
 53523  53542
 62493  62499
 26435  26527
 56042  56114
 11148  11200
 43509  43563
 30810  30869
  1535   1581
 44479  44570
  1869   1920
  1503   1567
 79288  79291
 56580  56581
 70151  70179
 26707  26707
 40200  40202
 33669  33750
 61937  61991
 10401  10500
 45227  45311
   526    528
 50357  50362
 49040  49089
 55558  55589
   271    361
 28240  28336
  7052   7068
 64683  64693
 73903  73946
  6016   6060
 50402  50411
 65762  65799
 51952  51997
 60739  60788
 35236  35316
 35240  35252
 43905  43921
 77855  77897
  4768   4813
 73918  73994
 10419  10420
 80074  80090
 86989  87088
 76528  76540
 73702  73713
 78607  78619
