 63393   8700
  6490  33294
 43531  23354
 38118  36058
 84835  80396
 18306   2455
 50173  56547
 24843   4596
 73238  59981
 79556  13728
 73549  35812
 26345  75003
 40158  73012
 47585  80898
 34467  65579
 17817   2288
 59135  64811
 79373  82473
 40225   8135
 55333  58733
 13272  34229
 54655  17686
 80121  58610
 30580  23381
 32185  37651
 31291  15841
 32514  74009
 71965  76796
 79847   3569
  4959  34754
  7814  73742
 32029  19386
 18028  85859
 42671  36039
 30379  21858
 46523  10420
 71427   3716
 43085  14229
 16669  57129
 21069  45850
 86499   3271
 49130  63230
 24199  85624
 16416  56417
 53789  57973
 37334  19380
 23692  65316
 36919  24506
 71661  16819
 64673  78775
 28170  60098
 79758  87058
  9673   8803
 78833  70579
 45664  85663
 21768  32918
  3150  68794
 64616  13098
 20480  53358
 78079  23145
  6426  33995
 87178  64276
 28325   9807
 59239   8886
 34463  14553
 19800  73484
 66331  32075
 50807  56565
 31532  70991
 48407  11277
 59515  29158
 23044  58269
 39819  28772
 68216  37314
 47749  85681
 22754  32252
 85569  26452
 75248  40614
 16615  35566
  9547  11976
 34863  83587
 78513  44649
 43701  72415
 34739  45524
 30186  50193
 73931  55000
 49797  80859
 50211  27772
  7539  56798
 66745   6181
 54691  68795
  9930  36760
 29127  67499
  6775  50629
 86601  84494
 73388  82501
 86106  28431
 34788  74670
 65977  58402
 12868  63587
  5270  46440
 16156  24200
 46943  86028
 31993  64541
 48243  80516
 44318  38167
 11530  57625
  6979  40358
 75211  60299
 83995  22031
 56650  80956
 73993  44495
 57279  35772
 73980  81182
 54822   2834
 78898   6450
 23987  21580
 69369  71434
 31651  73186
 75227  82572
 12040  47196
 22318  78993
 29549  49324
 24628  45653
 21245  20239
 22914  54048
 77669  27930
 44403  43258
 24095  34370
  3246   9908
  4731  70472
 72004  37336
 76534  16075
 20082  72315
 19694  72470
 59619  47386
 19412  63861
 49444  41878
 32631  30815
  9353  51202
 54529   9095
 43185  80274
 54979  86595
 42241  51429
 45471  34808
 21746   3534
 28287  83071
 18539  61297
 16056  11323
 29554  62109
 22814  68155
 16107  82392
 32969  40017
 15599  67078
  8600  63219
 54773   2637
 65748  75158
 26785  46783
 56462  78105
 59034  36226
 65970  76004
 56755  12315
 56938  66072
 59332  25453
 25622  76837
 47700  25365
 20153  27445
 13130  24201
 35926  48902
 48130  23970
 72129  14642
 50226  59036
 86842  37123
 38747  66922
   125  67049
 46717  47790
   338  76567
 57774  83992
 53358  44404
 28125  33447
 11663  18451
 25298  65767
 46754  54862
 62186   5336
 75275  61734
 70741  36767
 52208  34029
 73315   7599
 72640  23284
 58223   1682
 41796  25347
 60464  76572
 21157  53875
 16536  60678
 61894  81345
 70878  44651
 56951  41373
 39674  19504
 82748  76432
 30127  65300
 27126  51420
 66606  13995
 28176  26994
 21758  77674
 64416  51217
  9375  46911
 83273  68469
  7497  18094
 83604  59976
   490  11551
 77996  79667
 52402  33744
  8938   4791
 18639  68381
 70703  34161
  1382  83430
 24159  54559
 30110   6190
 32736   3334
 58306  59979
 50623  40935
  4989   1797
 43814  53419
 60889  48786
 39913  57591
 50377   1183
 14633   6254
 82630  26016
 66207  10624
   343   2865
 86095  20013
 84898  59836
  5774  31904
 38795  27769
 83201  25082
 30905  85865
 12862  77790
 24772  68275
 43042   4862
 55791  33248
  4728  70089
 48425  67798
 61511  69497
 39200  48252
 16698  70219
  5618  51002
 77765  67372
 41155  53457
 54134   1182
 60531  58576
  8931  80221
 83881  17196
 16237  58824
 66654  19309
 25824  35906
 19612  78633
 14702   3277
 22989  71904
 64048  77330
 29488  24713
 41127  26479
 20524  77987
 15396  64265
 58864  36214
 18017   3512
 44288  20593
 36493  38493
 52742  11812
 26266  78740
 24173  41620
 34191  78535
 69878  31327
 47660  41466
 49507  71889
   234  17364
 23821  25708
 84355  45113
 20685  76107
 11003  26046
 30577  20060
 11619   7887
 18764  48200
 28082  53849
 62448  60977
 10126  57835
 80889   2388
 14630  55044
 71523  25570
 40441  86290
 19352  18297
 36029  21916
 14014  82000
 19606  73488
 26284  77065
 54014  26364
 48041  36348
 48457  62847
 24117  11594
 20002  55047
 11507  80839
 28573  69082
 14365  66593
 26165   2793
 56997  18041
 34594  85523
 80116  15754
 59424  61300
 42854  17974
 52864  45904
  8819  11721
 18234   2431
 12166  67238
 80067  78417
  4223  49530
 54032  38701
 64623  65070
 59192   4840
 47862  64503
 50954  67341
 22232  43326
 67844  19743
  4657  77954
 57366  29615
 84495  43577
 44401  77304
 73071  46302
 23870  61427
 36333   5011
 83114  34425
 51148   8909
 30928  57534
  5926  15094
 52045  56677
 86189  17908
 64278  31985
 35265   5988
 13917  52099
 25615  30840
 82856  60757
 80626  19355
 35933  65707
 38024  13559
  7130  17567
 20168  80347
    84  54004
 15397   8038
 17618  20471
 40681  61799
 24039  54215
 75150  20362
  4416  63118
 47866  66779
 39591  25378
 38212   5590
 60042  21695
  7211  82450
 84039  16611
 14032  74572
 17057  80541
 26159   8964
 67298  79567
 25236  35679
 59203  39642
 16973  80374
 53036  24565
 16034  86740
 40073  28563
 22618  77646
 34605  32426
 64657  31132
 83329  66808
  9497  64226
 36615  64301
 75615  60106
 57721  31125
 41701  55506
 30712  58410
 26618  86116
 54329  13307
 81583  63446
 73259  23458
 66015  86339
  6354  13163
 85338  24987
 81252  63314
 54755  24013
 49929  40844
 22038  50512
 76156  49734
 66072   1114
 36543  77925
 77010  47666
 35117  60456
 33498  67170
 62551  57391
 48425   7757
 57034   5653
 55826  14346
 85618  70187
 87470  28188
   382    984
 79738  58411
  9189  67605
 79197  55426
 81515   5563
  1760  19884
 18320  34540
  5032  60182
  5565  70058
 48841  51860
 48012  45000
 57994  46972
 42657  28509
 76828  70351
   713  76334
 11852  32314
  8902  20120
 86946  54252
 13971   4588
 12365   6460
 83128  77190
 13210  52038
 60596  29016
 58100  29078
 74026  57985
 71747  40990
 23889  59609
 70541  21456
 81317  29242
 18765  58450
 45547  47492
 13845  43347
 74717  85925
 71542  18230
 12641  15776
 13728  35620
 26667  30815
 12161   8022
 17966  15762
 14020  55639
 66613  18064
 62606  76522
 31830  59069
 53448  83381
 70965  43114
  5547  41241
 83737  26557
 43021  54910
 28140  57959
 11317  22391
 51391  32195
 16946   7775
 44987  81483
 86001  36092
  8564   4208
 28877  16096
 25677  52249
  7644  64611
 13525  82656
 39037  17435
 80510  87268
  9899  35196
 75733  36210
 16898  83212
 46206  27593
  1832  46246
 29069  45633
 26700  43375
  4910  39580
 15715  38155
 78331  53185
 73267  38078
 12012  20330
 25479  79277
 71862  60276
 27826  76156
 11399  23940
 15354  77433
 72573  19378
 40949  37115
 53560  46492
 70909  73239
 76620  10785
 17113  11974
 82536  28966
 71735  69911
 31860  11181
 33317  29431
 17981  50683
 66849  53030
 62137   4284
 43748  37564
 71851  41689
 85206  36110
 23079  25349
 36324  79615
 24349  29482
 69316  13012
 82863  77565
 78629  21607
 76153  36842
 38972  15864
 60500  40303
 44169  87066
 67498  17131
 13893  82723
 75559  18046
 81675  13241
 39010  28886
 44075  65291
 30610  33126
 52593  11134
  4015   9579
 46130  41919
 45674  19030
 35019  26306
 78645  13732
 54788  73838
 29898  78368
 21092  11647
 30733  36826
 23361  41459
 17166  86571
 35789  49986
 16388   7990
 27652  22117
 32669  25226
 19157  24702
 53032  40108
 19074  50383
 42964  83411
 39951  58614
 64141  60866
 59939  65262
 21701  10623
 38783  69113
 38804  82981
 26612  63171
 83347  14485
 49386  17433
 13410  26953
 46076  36386
 44131  16242
 45835  45359
 11191  15526
 68019  47567
 19491  62591
 77186  63658
 11798  45552
 61417  39785
 60485  24043
  6899  74674
 26876  31601
 14447  16555
 83529  33722
 63437  35000
 80798  41917
 87260   8785
 64926  67203
 57554  32965
 83039  59832
 46890  77132
 52168  46415
 67618  80838
 76918  77235
 64235  26879
 31229   5473
 11881  20261
  1649  30820
   835  33931
 73667  49983
 72552   8609
 60406  79973
 25008  68076
 32378  41427
 53878  79169
 82409  37603
 60032  58738
 26759   9968
 75241  68682
 83818  84662
 75420  52399
 79348  45582
 73509  71171
 15296  76347
  7524  65714
 67703  42861
 60423  19919
 78043  38343
 83082  63830
 12499  30025
 80445  29636
 29596  51938
 10070  40399
 47826  45855
 46781  39491
 71515  42950
 47076  25513
 61856  78802
 59107  39626
 20901  61160
 18558  85644
 16373  80076
 18394  69735
 63747  87356
  5788  34511
 72646   7047
 17611  60505
 24173  71747
 81293  16618
  5317  32475
 85346  79732
  5127  26554
 85067    276
 66602   4722
 21797  21517
 63146   4156
 52431  16481
 84472  14119
 57836  14991
 69758  19837
 50367  15399
 74755  44577
 59698  39065
 26692  76287
 44524  36607
  8873  40748
  8797  75251
 23608  64179
  9741  16419
 64615  21864
 78613  72560
 15861  63401
 67430  72694
 28208  79306
 40002  62745
 49705  47878
 35558  36731
 78047   7547
 62821  77491
 45507  24792
 13107    296
 62559  36052
 43054  31963
 10203  59724
  6105  28177
 46450  29332
 63615   3313
 66833  75769
 28387  84726
 28812  16716
 70025  86709
 70783   4191
 51185  81998
 11414  81324
 37391  33222
 64122  76573
 22516  27472
 78361  32918
 52088  36059
 60945  14964
 36284  32010
 10170  40368
 80460  47035
 17056  53187
 51641  74201
 62888  38835
 54161  27001
 32155  39675
 78917  72021
 12970  35802
 77508  17125
 57923  69002
 68996  71015
 57279  75555
 43283   8968
 15497   1359
   751  78211
  8831  84493
 36937  82004
 58128  17956
 63386  56814
 52047  60702
 59335  33353
  4807  80261
 13854  60539
 48621  54147
 66499   8276
 38686  28160
 44251   4247
 48854  66889
  3692   1381
 19462  65378
 15084  79431
 75830  50529
 54908   6287
 45880  60100
 77799  68731
 61216  80670
 66133  50701
 66549  27760
 18744  17136
 41005   6454
 83297  70757
 76199   1061
 37526  40033
 42270  67312
 43818   3653
 13490  60253
 79313  29741
 42163  51201
 41348  65597
 35941  73140
 54076  77391
 48126  19560
 27243  68927
 74553  54042
 80258  74961
 61657  60589
 40941  19803
 47745  50596
   813  76809
 46764   5786
 39330  23787
 52087  32278
 28580  41508
 39829  73836
 19210  58363
 83029  28723
 84767  53566
 41454  13548
 67534   2188
 20106  74006
 47380  76519
 36314  31396
 49717  53470
 63139  78754
  1445  48457
 24903  35499
 66480  21505
 55165  48437
 18868  42713
 61579  65015
 10107  84929
 13396  55883
 70804   7969
 23292  68851
 87412  62145
 71129  60496
 72904  23787
 74205  59737
 86179  76243
 44676  21489
 78165  42187
 60426  53702
 16176  59882
 71846  81360
 74574  11133
 42219  11205
 60310  48288
 36086  40917
 43403  52164
 24744  20653
 75179    274
 69784  57136
 38984  41407
 62221  75367
 77701    488
  2394  42141
  2708  23352
 40216  42279
 69947  75965
 49991  63314
 75678  75668
 53117  20416
 41466  24599
 32594  22064
 63863   4720
 68790  87501
 20470  83929
 45554  18289
 56699  67349
 27087  45785
 27824  66094
 84052   7810
 22836  82921
 79389  12424
  3616  28576
  6691  49443
 51867  29264
 79286  13631
  9328  62480
 24522  37973
 84252  61606
 81033  16044
  1726  21651
 81697  56303
 28021   2061
 69185  58287
 79362  30748
 86247  10746
   478  24077
 65618  19069
 28189  48326
 83638  24844
 74557  79954
 64355  60519
 86224  23060
 67554  62394
 39589  82422
 31268  11781
   890  77213
 80228  24398
 62673  49416
  7405  24893
  5150  22019
 45393  46060
  2952  19925
  8181  34613
 41343  15138
 17152  20505
 79633  78044
 59574   4723
 59045  56492
 39319  65513
 32173  40349
 52954  54449
 62394    549
 37544  67394
 69451  61733
 70516  37590
 72619  27648
 70979  19323
 47490  80478
 35657  37021
 74053   9313
 54236  57709
 15708  31231
 25944  22077
   913    767
 69196  85031
 23842  77303
 34608  45146
 63916   7973
 38428  83280
 72146  68371
 85622  69357
 35395  36198
 29186  63951
 18407  16078
 78381  83018
 65628  66421
 72768  25323
 50587  87213
 17360  62236
 72591  59369
 50669  43407
 20578   4052
 21494  62473
 14103  80859
 16549  35881
 25009    161
  1393  61474
 63836  66780
 38467  25894
 53805  38652
  3497  36410
 39087   8743
 44894  82100
 51975  35230
 63014  74710
 61554  63583
 19558  83525
 69556  60540
 32098  23713
 63143   7589
 71556  28594
 54480  64658
  8046  84436
 82352   3050
 17538  37753
 12505  84862
  6973  27436
  1116  15212
 84597  39703
 43662  72619
 65849  28333
 76636  37014
 67216    822
 35778  80208
  1412  84450
 59117  59167
 65894  18847
  2899   2953
 86426  25333
 85523  22995
 36396  63293
 74656  26669
 28751  18587
 61927  21272
 28824  85941
 26026  66684
 34726  37049
 60033  19330
 82471  63001
 40050  25943
 51069  49649
 27752  67457
 58876  83459
 40222  28667
 29509  44366
 41555  65929
 13794  13891
 87166  83857
 77494  54588
 44320  51094
  7509  51310
 20944  68443
 21048  18864
 70623  29272
 57025  33097
 76628   4385
 77317  73994
 79536  36866
 81743  50705
 27192  26232
 15421  52890
 35109  74066
 50226  16496
 36408   1534
 86282  49643
 33283  39444
 75692  53020
 13280  62672
 32072  51104
 86936  29944
 67947  83998
 57154  73762
 40322  51578
 10568  54318
 10269  75904
 38377  50340
 28287  46685
 67451  73552
 59682  73989
 30489  84499
 27985  50550
 85582  13497
 68033  37421
 34280  83448
 71903   5910
 11750  14756
 52474   7620
 60852  24503
 60965  18722
 25166  74296
 37822   5050
 64475  50914
 84691  12496
 62754  33264
 29239  25942
 78049  26671
  9255   6673
 32359  75542
 76912  86248
 78794  64459
 49827  78367
 16435  81879
 13496  53336
 45764  16031
 41333  54184
 72715   5339
 66238  55374
 24038   7207
 60370   7101
 43645  69559
 10962   2390
 13109  10605
 82533  46737
 34461  47416
 84075  46590
 85988  19399
  7146  60827
 20470  77764
 83964  56074
 50632  87410
 21957  16796
 36172  71460
 26887  56294
 78102  82640
 19649  54612
 66045  84497
 20502   8822
 76783  69832
 72981   1939
 84174   2402
 70508  49936
 10464  36124
 55058  27851
  4073  66023
